bin/trafficseer
1490341311 1
1490341372 1
1490341432 2
1490341492 6
1490341552 6
1490341613 0
1490341673 0
1490341733 0
1490341793 1
1490341853 0
1490341914 0
1490341974 2
1490342034 1
1490342094 1
1490342154 0
1490342215 2
1490342275 0
1490342335 4
1490342396 0
1490342456 0
1490342516 0
1490342576 0
1490342637 0
1490342697 2
1490342757 0
1490342817 0
1490342877 0
1490342938 0
1490342998 0
1490343059 2
1490343119 0
1490343179 0
1490343239 1
1490343300 5
1490343360 1
1490343420 0
1490343480 0
1490343541 1
1490343601 1
1490343661 2
1490343722 1
1490343782 3
1490343842 6
1490343903 0
1490343963 6
1490344023 0
1490344083 0
1490344143 4
1490344204 4
1490344264 0
1490344324 5
1490344384 6
1490344444 3
1490344505 7
1490344565 0
1490344625 2
1490344685 5
1490344746 5
1490344806 0
1490344866 4
1490344926 4
1490344986 4
1490345047 4
1490345107 1
1490345167 5
1490345227 4
1490345287 0
1490345348 7
1490345408 6
1490345468 6
1490345529 6
1490345589 4
1490345649 0
1490345707 6
1490345768 2
1490345828 0
1490345888 3
1490345948 9
1490346009 1
1490346069 3
1490346129 5
1490346189 0
1490346250 10
1490346310 6
1490346370 6
1490346430 10
1490346490 1
1490346551 8
1490346611 13
1490346671 8
1490346731 3
1490346792 13
1490346852 0
1490346913 0
1490346973 6
1490347033 4
1490347093 0
1490347153 0
1490347214 5
1490347274 0
1490347334 0
1490347394 2
1490347455 2
1490347515 1
1490347576 1
1490347636 1
1490347696 2
1490347756 7
1490347817 0
1490347877 0
1490347937 5
1490347997 5
1490348057 3
1490348118 3
1490348178 0
1490348238 0
1490348298 5
1490348358 0
1490348419 9
1490348479 0
1490348539 9
1490348599 5
1490348659 0
1490348720 9
1490348780 4
1490348840 4
1490348900 0
1490348960 0
1490349021 7
1490349081 0
1490349141 1
1490349202 6
1490349262 6
1490349323 11
1490349383 11
1490349443 7
1490349503 1
1490349563 1
1490349624 1
1490349684 1
1490349744 5
1490349804 5
1490349864 0
1490349925 6
1490349985 1
1490350045 2
1490350105 2
1490350165 0
1490350226 0
1490350286 4
1490350346 1
1490350407 1
1490350467 7
1490350527 0
1490350587 0
1490350648 6
1490350708 10
1490350768 0
1490350828 0
1490350889 5
1490350949 1
1490351009 0
1490351069 4
1490351130 6
1490351190 0
1490351250 0
1490351310 1
1490351370 1
1490351431 0
1490351491 1
1490351551 2
1490351611 0
1490351672 0
1490351732 1
1490351792 0
1490351852 0
1490351912 4
1490351973 5
1490352033 0
1490352093 4
1490352153 4
1490352214 0
1490352274 1
1490352334 1
1490352394 2
1490352454 0
1490352515 4
1490352575 8
1490352635 3
1490352696 0
1490352756 1
1490352816 6
1490352876 6
1490352937 0
1490352997 0
1490353057 8
1490353117 8
1490353178 5
1490353238 1
1490353298 1
1490353358 0
1490353419 0
1490353479 5
1490353539 0
1490353600 0
1490353660 7
1490353720 1
1490353780 1
1490353840 0
1490353901 0
1490353961 8
1490354021 8
1490354081 3
1490354141 0
1490354202 0
1490354262 1
1490354322 6
1490354382 0
1490354442 1
1490354503 3
1490354563 0
1490354623 0
1490354683 1
1490354744 6
1490354804 0
1490354864 5
1490354925 3
1490354985 0
1490355045 0
1490355105 3
1490355166 6
1490355226 0
1490355286 2
1490355346 6
1490355407 0
1490355467 1
1490355527 3
1490355587 5
1490355647 0
1490355708 4
1490355768 1
1490355828 0
1490355888 0
1490355948 3
1490356009 6
1490356070 0
1490356130 4
1490356190 2
1490356250 1
1490356311 9
1490356371 10
1490356431 3
1490356491 0
1490356552 3
1490356612 5
1490356672 0
1490356733 9
1490356793 7
1490356853 0
1490356913 0
1490356973 1
1490357034 1
1490357094 0
1490357154 0
1490357214 9
1490357275 0
1490357335 0
1490357395 0
1490357455 0
1490357516 0
1490357576 3
1490357636 4
1490357696 6
1490357756 0
1490357817 0
1490357877 2
1490357937 2
1490357997 1
1490358057 5
1490358118 0
1490358179 0
1490358239 0
1490358299 6
1490358359 0
1490358420 0
1490358480 2
1490358540 0
1490358600 0
1490358661 1
1490358721 0
1490358781 0
1490358842 0
1490358902 2
1490358962 8
1490359022 0
1490359083 2
1490359143 2
1490359203 0
1490359263 0
1490359323 4
1490359384 0
1490359444 4
1490359505 4
1490359565 5
1490359625 0
1490359685 7
1490359746 7
1490359806 0
1490359867 0
1490359927 5
1490359987 4
1490360047 4
1490360108 9
1490360168 6
1490360228 0
1490360288 6
1490360349 6
1490360409 0
1490360470 1
1490360530 5
1490360590 5
1490360650 5
1490360711 6
1490360771 4
1490360831 4
1490360891 0
1490360952 10
1490361012 8
1490361072 0
1490361133 6
1490361193 7
1490361253 0
1490361314 1
1490361374 7
1490361434 0
1490361494 0
1490361554 0
1490361615 2
1490361675 0
1490361735 0
1490361796 2
1490361856 2
1490361916 0
1490361977 3
1490362037 0
1490362098 0
1490362158 0
1490362218 0
1490362279 0
1490362339 0
1490362399 5
1490362459 5
1490362520 0
1490362580 0
1490362641 6
1490362701 3
1490362761 3
1490362821 4
1490362882 1
1490362942 0
1490363002 3
1490363062 3
1490363123 0
1490363183 1
1490363243 6
1490363303 1
1490363363 0
1490363424 0
1490363484 0
1490363544 5
1490363605 0
1490363665 4
1490363725 4
1490363785 0
1490363846 0
1490363906 2
1490363966 2
1490364026 0
1490364087 0
1490364147 0
1490364207 0
1490364267 0
1490364328 7
1490364388 8
1490364448 8
1490364509 6
1490364569 1
1490364629 0
1490364689 0
1490364750 2
1490364810 5
1490364870 0
1490364931 4
1490364991 2
1490365051 2
1490365111 0
1490365172 7
1490365232 7
1490365292 8
1490365352 8
1490365413 3
1490365473 3
1490365533 0
1490365593 0
1490365654 11
1490365714 11
1490365774 4
1490365834 8
1490365894 8
1490365955 5
1490366015 5
1490366075 0
1490366135 4
1490366195 5
1490366256 5
1490366316 5
1490366376 5
1490366436 0
1490366497 6
1490366558 6
1490366618 12
1490366678 12
1490366738 7
1490366798 0
1490366859 0
1490366919 0
1490366979 4
1490367039 4
1490367099 4
1490367160 0
1490367220 1
1490367280 0
1490367340 1
1490367400 1
1490367461 4
1490367521 4
1490367581 4
1490367641 0
1490367701 0
1490367762 0
1490367823 0
1490367883 0
1490367943 1
1490368003 1
1490368064 0
1490368124 2
1490368184 0
1490368245 5
1490368305 1
1490368365 1
1490368425 5
1490368486 5
1490368546 1
1490368606 1
1490368667 5
1490368727 1
1490368787 0
1490368847 4
1490368908 0
1490368968 2
1490369029 3
1490369089 3
1490369149 1
1490369209 1
1490369270 2
1490369330 2
1490369391 5
1490369451 1
1490369511 4
1490369572 4
1490369632 0
1490369692 0
1490369753 2
1490369813 0
1490369873 0
1490369933 4
1490369994 4
1490370054 0
1490370114 1
1490370174 1
1490370234 0
1490370295 5
1490370355 5
1490370415 0
1490370475 1
1490370535 0
1490370596 0
1490370656 9
1490370716 9
1490370776 6
1490370837 6
1490370897 3
1490370957 2
1490371018 5
1490371078 5
1490371138 2
1490371198 2
1490371259 0
1490371319 0
1490371379 7
1490371439 7
1490371499 0
1490371560 3
1490371620 3
1490371680 2
1490371740 2
1490371801 2
1490371861 1
1490371921 1
1490371981 0
1490372042 7
1490372102 0
1490372162 0
1490372223 6
1490372283 0
1490372343 2
1490372404 2
1490372465 1
1490372525 1
1490372585 1
1490372646 0
1490372706 1
1490372766 2
1490372826 0
1490372886 0
1490372946 0
1490373006 0
1490373067 5
1490373127 4
1490373187 2
1490373247 2
1490373308 0
1490373368 1
1490373428 1
1490373488 2
1490373549 0
1490373609 0
1490373669 6
1490373730 0
1490373790 1
1490373850 1
1490373910 0
1490373971 0
1490374031 0
1490374091 0
1490374151 0
1490374211 1
1490374272 1
1490374332 8
1490374392 3
1490374452 3
1490374512 0
1490374573 7
1490374633 7
1490374693 9
1490374753 9
1490374813 3
1490374874 3
1490374934 5
1490374994 5
1490375055 0
1490375115 7
1490375175 7
1490375236 0
1490375296 3
1490375356 1
1490375416 0
1490375476 0
1490375537 0
1490375597 4
1490375657 0
1490375717 0
1490375778 2
1490375838 3
1490375898 1
1490375959 1
1490376019 3
1490376079 3
1490376139 3
1490376200 0
1490376260 3
1490376320 0
1490376381 2
1490376441 4
1490376501 1
1490376562 0
1490376622 0
1490376682 1
1490376742 1
1490376803 0
1490376863 0
1490376923 6
1490376983 2
1490377043 2
1490377104 5
1490377164 5
1490377225 0
1490377285 3
1490377345 0
1490377405 1
1490377466 1
1490377526 3
1490377586 3
1490377646 1
1490377706 0
1490377767 0
1490377827 3
1490377887 0
1490377947 0
1490378007 1
1490378068 1
1490378128 0
1490378188 1
1490378249 1
1490378309 1
1490378369 1
1490378429 2
1490378490 2
1490378551 0
1490378611 0
1490378672 0
1490378732 0
1490378792 0
1490378852 0
1490378913 2
1490378973 1
1490379033 0
1490379094 0
1490379154 1
1490379214 0
1490379274 0
1490379334 3
1490379395 3
1490379455 0
1490379515 0
1490379575 0
1490379636 0
1490379696 4
1490379756 0
1490379817 4
1490379877 4
1490379937 1
1490379998 1
1490380058 0
1490380118 0
1490380179 0
1490380239 1
1490380299 0
1490380360 0
1490380420 4
1490380480 0
1490380541 0
1490380601 1
1490380661 1
1490380722 0
1490380782 3
1490380842 3
1490380902 0
1490380963 3
1490381023 0
1490381083 0
1490381143 1
1490381203 4
1490381264 2
1490381324 2
1490381385 2
1490381445 1
1490381505 5
1490381565 0
1490381625 0
1490381686 5
1490381746 1
1490381806 3
1490381867 3
1490381927 2
1490381987 2
1490382048 0
1490382108 5
1490382168 0
1490382228 2
1490382289 3
1490382349 0
1490382409 0
1490382469 1
1490382530 0
1490382590 0
1490382650 0
1490382711 2
1490382771 0
1490382831 0
1490382892 2
1490382952 0
1490383012 0
1490383072 3
1490383132 0
1490383193 0
1490383253 3
1490383313 2
1490383374 0
1490383434 0
1490383494 0
1490383554 1
1490383615 0
1490383675 2
1490383735 1
1490383795 1
1490383856 1
1490383916 0
1490383976 0
1490384036 0
1490384096 0
1490384157 2
1490384217 0
1490384277 0
1490384338 1
1490384398 1
1490384459 0
1490384519 0
1490384579 0
1490384639 0
1490384700 0
1490384760 1
1490384820 1
1490384881 0
1490384941 2
1490385001 0
1490385062 0
1490385122 1
1490385182 1
1490385242 0
1490385302 0
1490385363 0
1490385423 0
1490385483 0
1490385543 0
1490385604 0
1490385664 0
1490385725 0
1490385785 0
1490385845 0
1490385905 0
1490385965 0
1490386026 0
1490386086 0
1490386146 0
1490386207 0
1490386267 0
1490386327 0
1490386388 0
1490386448 0
1490386508 0
1490386569 0
1490386629 0
1490386689 0
1490386749 0
1490386810 0
1490386870 0
1490386930 0
1490386990 0
1490387051 0
1490387111 1
1490387172 1
1490387232 0
1490387292 0
1490387353 0
1490387413 0
1490387473 0
1490387534 0
1490387594 0
1490387654 0
1490387714 0
1490387774 2
1490387835 2
1490387895 0
1490387956 0
1490388016 0
1490388076 0
1490388136 0
1490388196 0
1490388256 0
1490388317 0
1490388377 0
1490388437 0
1490388498 0
1490388558 0
1490388618 0
1490388679 0
1490388739 0
1490388799 0
1490388860 0
1490388920 0
1490388980 0
1490389040 0
1490389101 0
1490389161 0
1490389221 0
1490389281 0
1490389341 0
1490389402 0
1490389462 0
1490389522 0
1490389582 0
1490389642 0
1490389703 0
1490389763 0
1490389824 0
1490389884 0
1490389944 0
1490390004 0
1490390065 0
1490390125 0
1490390185 1
1490390246 0
1490390306 0
1490390366 0
1490390426 0
1490390486 0
1490390547 0
1490390607 0
1490390667 0
1490390727 0
1490390788 0
1490390849 0
1490390909 0
1490390969 0
1490391030 0
1490391090 0
1490391151 0
1490391211 0
1490391271 0
1490391331 0
1490391391 0
1490391452 0
1490391512 0
1490391572 0
1490391632 0
1490391693 0
1490391753 0
1490391813 0
1490391873 0
1490391934 0
1490391994 0
1490392054 0
1490392114 0
1490392174 0
1490392235 0
1490392295 0
1490392355 0
1490392415 0
1490392475 0
1490392536 0
1490392596 0
1490392656 0
1490392717 0
1490392777 0
1490392837 0
1490392897 0
1490392958 0
1490393018 0
1490393078 0
1490393138 0
1490393198 0
1490393259 1
1490393319 0
1490393379 1
1490393439 0
1490393499 0
1490393560 0
1490393620 0
1490393680 0
1490393740 0
1490393801 0
1490393861 0
1490393921 0
1490393981 0
1490394041 0
1490394102 0
1490394162 0
1490394222 0
1490394282 0
1490394342 0
1490394403 2
1490394463 0
1490394524 0
1490394584 0
1490394644 1
1490394704 0
1490394765 0
1490394825 0
1490394885 0
1490394945 0
1490395005 0
1490395066 0
1490395127 0
1490395187 0
1490395247 0
1490395307 0
1490395368 0
1490395428 0
1490395488 0
1490395548 0
1490395608 0
1490395669 0
1490395730 0
1490395790 0
1490395850 0
1490395910 0
1490395970 0
1490396031 0
1490396091 0
1490396151 0
1490396211 0
1490396271 0
1490396332 0
1490396392 0
1490396453 0
1490396513 0
1490396573 0
1490396633 0
1490396694 0
1490396754 0
1490396814 0
1490396874 0
1490396934 0
1490396995 0
1490397055 0
1490397115 0
1490397175 0
1490397236 0
1490397296 0
1490397356 0
1490397416 0
1490397477 0
1490397537 0
1490397597 0
1490397658 0
1490397718 0
1490397778 0
1490397839 0
1490397899 0
1490397959 0
1490398019 0
1490398079 0
1490398140 0
1490398200 0
1490398261 0
1490398322 0
1490398382 0
1490398442 0
1490398502 0
1490398562 0
1490398623 0
1490398683 0
1490398743 0
1490398803 0
1490398863 0
1490398924 0
1490398984 0
1490399044 0
1490399104 0
1490399164 0
1490399225 0
1490399285 0
1490399345 0
1490399405 0
1490399466 0
1490399526 0
1490399586 0
1490399647 0
1490399707 0
1490399768 0
1490399828 0
1490399888 0

