./001/kringlan_3-1489133369.png 2 197 165 26 21 195 141 16 14
./001/kringlan_3-1489133429.png 5 214 234 42 44 223 199 31 31 245 164 24 23 203 157 22 22 251 132 16 13
./001/kringlan_3-1489133489.png 1 242 162 22 20
./001/kringlan_3-1489133550.png 2 226 200 32 36 226 129 17 15
./001/kringlan_3-1489133610.png 5 224 204 32 33 244 152 20 19 215 145 17 15 252 134 16 13 227 116 13 13
./001/kringlan_3-1489133670.png 0
./001/kringlan_3-1489133730.png 4 241 158 20 21 251 140 18 17 225 132 18 15 200 129 15 14
./001/kringlan_3-1489133791.png 3 175 152 21 19 189 140 19 15 225 127 14 12
./001/kringlan_3-1489133851.png 0
./001/kringlan_3-1489133911.png 4 213 206 40 52 237 168 25 25 221 144 18 15 228 113 13 19
./001/kringlan_3-1489133972.png 1 230 129 17 15
./001/kringlan_3-1489134032.png 3 216 233 42 47 241 156 24 23 231 124 14 14
./001/kringlan_3-1489134092.png 1 244 146 19 17
./001/kringlan_3-1489134153.png 3 222 205 36 41 240 160 26 26 254 128 17 15
./001/kringlan_3-1489134213.png 1 227 193 30 27
./001/kringlan_3-1489134273.png 2 252 143 20 19 228 135 17 16
./001/kringlan_3-1489134333.png 2 231 169 27 25 248 123 27 30
./001/kringlan_3-1489134454.png 6 230 204 33 36 232 179 28 25 244 161 22 18 213 158 22 19 189 173 26 23 170 154 24 19
./001/kringlan_3-1489134574.png 2 228 186 35 38 243 157 21 18
./001/kringlan_3-1489134634.png 1 226 136 39 54
