./001/kringlan_3-1489133369.png 4 41 332 95 90 68 250 62 50 101 189 40 33 154 167 24 20
./001/kringlan_3-1489133429.png 2 17 222 69 57 120 187 34 25
./001/kringlan_3-1489133489.png 1 182 228 47 40
./001/kringlan_3-1489133550.png 2 154 240 57 51 165 132 38 43
./001/kringlan_3-1489133610.png 4 164 230 49 47 137 208 40 31 95 197 37 29 146 170 26 21
./001/kringlan_3-1489133670.png 0
./001/kringlan_3-1489133730.png 3 154 192 40 34 192 238 50 51 161 160 24 20
./001/kringlan_3-1489133791.png 3 183 229 57 65 202 159 24 20 174 153 22 17
./001/kringlan_3-1489133851.png 4 45 213 56 48 109 193 37 30 143 174 32 23 172 156 22 19
./001/kringlan_3-1489133911.png 7 11 239 62 42 64 214 46 35 109 223 49 40 61 268 60 51 155 190 40 33 115 143 57 66 187 174 25 24
./001/kringlan_3-1489133972.png 7 98 290 76 72 15 282 71 64 18 232 58 45 67 208 46 35 117 187 32 25 144 154 32 35 172 180 38 40
./001/kringlan_3-1489134032.png 6 76 294 86 89 128 213 40 36 94 199 39 31 209 180 38 39 174 182 32 26 148 167 27 24
./001/kringlan_3-1489134092.png 2 160 227 51 59 130 179 34 27
./001/kringlan_3-1489134153.png 3 39 218 56 48 145 194 45 38 144 171 28 22
./001/kringlan_3-1489134213.png 3 99 196 40 30 149 201 39 32 146 173 29 22
./001/kringlan_3-1489134273.png 4 61 317 89 82 66 242 66 58 159 239 52 51 179 175 30 30
./001/kringlan_3-1489134333.png 5 155 303 64 75 158 226 56 53 107 213 47 47 99 195 38 27 153 165 29 25
./001/kringlan_3-1489134454.png 5 0 272 78 80 137 251 61 62 155 185 35 35 189 173 26 24 170 154 24 20
./001/kringlan_3-1489134574.png 7 31 323 117 116 115 269 67 58 46 224 52 38 128 210 44 35 109 193 35 28 150 170 29 22 186 173 29 26
./001/kringlan_3-1489134634.png 6 45 263 60 50 37 219 57 43 159 220 45 49 98 194 36 29 141 173 30 25 169 154 26 21
