./002/kringlan_3-1489134694.png 1 214 165 28 23
./002/kringlan_3-1489134755.png 4 35 228 52 42 105 197 38 28 130 177 33 25 159 157 28 23
./002/kringlan_3-1489134815.png 4 8 285 83 65 93 235 56 46 109 195 36 29 144 176 29 23
./002/kringlan_3-1489134876.png 3 16 213 113 126 141 200 42 35 136 180 30 22
./002/kringlan_3-1489134936.png 5 119 223 45 37 63 211 47 36 110 187 40 27 154 189 42 37 165 158 28 20
./002/kringlan_3-1489134996.png 3 46 337 93 86 205 256 57 69 204 196 40 39
./002/kringlan_3-1489135057.png 10 117 263 69 63 137 337 78 93 84 242 55 46 23 230 54 42 85 189 45 37 135 211 42 32 213 196 35 35 161 184 38 33 143 173 29 22 195 167 25 21
./002/kringlan_3-1489135117.png 4 193 277 72 90 54 216 45 37 141 198 46 44 126 174 37 30
./002/kringlan_3-1489135177.png 3 181 290 58 68 64 246 59 56 103 192 39 30
./002/kringlan_3-1489144885.png 0
./002/kringlan_3-1489144945.png 1 178 146 24 24
./002/kringlan_3-1489145005.png 1 150 165 52 63
./002/kringlan_3-1489145065.png 0
./002/kringlan_3-1489145126.png 1 26 225 62 51
./002/kringlan_3-1489145367.png 2 106 227 49 42 181 266 64 78
./002/kringlan_3-1489160923.png 1 109 185 35 31
./002/kringlan_3-1489160983.png 5 30 277 72 59 75 205 42 32 130 357 91 96 218 220 45 54 192 170 27 22
./002/kringlan_3-1489161044.png 0
./002/kringlan_3-1489161104.png 6 22 263 83 74 108 232 49 42 183 221 44 38 75 203 45 38 32 233 50 44 178 280 74 85
./002/kringlan_3-1489161164.png 1 20 239 54 45
