./002/kringlan_3-1489134694.png 1 208 144 22 25
./002/kringlan_3-1489134755.png 0
./002/kringlan_3-1489134815.png 3 198 238 52 59 217 148 16 17 246 153 21 19
./002/kringlan_3-1489134876.png 3 231 186 28 28 184 158 24 21 191 139 18 15
./002/kringlan_3-1489134936.png 0
./002/kringlan_3-1489134996.png 2 235 170 28 26 245 152 20 17
./002/kringlan_3-1489135057.png 3 241 160 26 21 214 147 20 18 212 195 38 37
./002/kringlan_3-1489135117.png 2 221 213 36 38 234 179 28 25
./002/kringlan_3-1489135177.png 3 205 195 31 30 239 168 25 27 206 159 24 20
./002/kringlan_3-1489144885.png 0
./002/kringlan_3-1489144945.png 1 233 133 15 14
./002/kringlan_3-1489145005.png 0
./002/kringlan_3-1489145065.png 0
./002/kringlan_3-1489145126.png 0
./002/kringlan_3-1489145367.png 4 229 180 27 25 241 162 23 19 226 132 13 11 253 127 13 11
./002/kringlan_3-1489160923.png 2 209 158 23 19 249 138 18 15
./002/kringlan_3-1489160983.png 3 217 220 46 52 221 178 31 30 203 127 14 13
./002/kringlan_3-1489161044.png 0
./002/kringlan_3-1489161104.png 2 234 171 27 23 233 118 13 12
./002/kringlan_3-1489161164.png 1 209 116 12 11
