./003/kringlan_3-1489161225.png 1 12 241 60 46
./003/kringlan_3-1489161285.png 6 93 234 56 45 14 239 58 42 183 259 56 72 124 185 29 24 168 179 36 32 167 159 25 19
./003/kringlan_3-1489161345.png 0
./003/kringlan_3-1489161405.png 0
./003/kringlan_3-1489161466.png 3 55 208 48 43 120 194 54 62 145 167 33 27
./003/kringlan_3-1489161526.png 0
./003/kringlan_3-1489161586.png 0
./003/kringlan_3-1489161647.png 6 8 242 54 43 70 256 60 53 77 207 42 33 123 181 35 30 176 185 31 26 191 216 39 39
./003/kringlan_3-1489161707.png 0
./003/kringlan_3-1489161767.png 2 47 217 50 45 96 186 42 37
./003/kringlan_3-1489161828.png 1 0 247 66 50
./003/kringlan_3-1489161888.png 0
./003/kringlan_3-1489161948.png 0
./003/kringlan_3-1489162009.png 3 115 276 74 72 78 207 42 34 156 168 26 19
./003/kringlan_3-1489162069.png 2 98 225 50 42 201 209 37 32
./003/kringlan_3-1489162129.png 0
./003/kringlan_3-1489162189.png 3 157 299 78 98 100 268 73 75 111 192 38 28
./003/kringlan_3-1489162249.png 0
./003/kringlan_3-1489162310.png 0
./003/kringlan_3-1489162370.png 2 105 191 34 29 163 159 29 22
