./003/kringlan_3-1489161225.png 0
./003/kringlan_3-1489161285.png 3 232 168 31 29 254 136 17 14 191 140 17 17
./003/kringlan_3-1489161345.png 0
./003/kringlan_3-1489161405.png 0
./003/kringlan_3-1489161466.png 4 222 192 40 53 245 155 22 22 224 137 17 16 200 135 16 14
./003/kringlan_3-1489161526.png 0
./003/kringlan_3-1489161586.png 0
./003/kringlan_3-1489161647.png 1 207 161 21 19
./003/kringlan_3-1489161707.png 0
./003/kringlan_3-1489161767.png 1 250 135 16 15
./003/kringlan_3-1489161828.png 1 223 114 21 26
./003/kringlan_3-1489161888.png 0
./003/kringlan_3-1489161948.png 0
./003/kringlan_3-1489162009.png 3 236 171 24 21 254 137 18 15 214 144 22 18
./003/kringlan_3-1489162069.png 2 232 178 25 27 246 159 21 20
./003/kringlan_3-1489162129.png 0
./003/kringlan_3-1489162189.png 2 234 204 32 32 251 134 18 14
./003/kringlan_3-1489162249.png 0
./003/kringlan_3-1489162310.png 0
./003/kringlan_3-1489162370.png 3 220 230 42 40 224 188 34 37 254 136 16 14
