./004/kringlan_3-1489162431.png 0
./004/kringlan_3-1489162491.png 0
./004/kringlan_3-1489162551.png 3 196 234 45 46 221 184 27 27 248 151 22 23
./004/kringlan_3-1489162612.png 1 231 191 27 29
./004/kringlan_3-1489162672.png 0
./004/kringlan_3-1489162732.png 1 231 185 32 35
./004/kringlan_3-1489162792.png 4 195 190 69 114 110 252 47 43 235 137 16 15 186 145 21 18
./004/kringlan_3-1489162852.png 1 229 242 42 45
./004/kringlan_3-1489162913.png 3 248 154 21 21 234 174 25 19 206 147 21 21
./004/kringlan_3-1489162973.png 0
./004/kringlan_3-1489163033.png 1 221 202 46 45
./004/kringlan_3-1489163093.png 2 247 156 22 19 230 128 14 11
./004/kringlan_3-1489163154.png 0
./004/kringlan_3-1489163214.png 1 205 187 33 37
./004/kringlan_3-1489163275.png 3 219 200 36 39 239 167 24 22 226 132 16 13
./004/kringlan_3-1489163335.png 1 191 139 20 15
./004/kringlan_3-1489163396.png 1 248 147 18 16
./004/kringlan_3-1489163456.png 4 226 210 38 41 241 164 26 25 226 141 17 14 191 145 16 13
./004/kringlan_3-1489163516.png 1 246 158 20 19
./004/kringlan_3-1489163576.png 0
