./004/kringlan_3-1489162431.png 2 59 218 49 37 135 176 29 22
./004/kringlan_3-1489162491.png 1 114 224 50 49
./004/kringlan_3-1489162551.png 4 85 229 63 55 80 202 42 37 138 171 32 27 195 235 44 43
./004/kringlan_3-1489162612.png 2 137 212 40 37 183 176 29 24
./004/kringlan_3-1489162672.png 0
./004/kringlan_3-1489162732.png 4 121 217 44 38 80 207 43 35 133 179 30 23 194 167 29 23
./004/kringlan_3-1489162792.png 2 109 250 47 47 173 177 33 30
./004/kringlan_3-1489162852.png 1 157 326 78 82
./004/kringlan_3-1489162913.png 5 33 251 80 71 73 207 48 40 138 176 29 23 172 183 37 32 202 193 46 64
./004/kringlan_3-1489162973.png 3 152 204 37 31 121 182 37 31 166 162 23 20
./004/kringlan_3-1489163033.png 1 191 251 50 53
./004/kringlan_3-1489163093.png 4 18 327 86 95 79 202 49 38 151 188 40 34 190 167 29 22
./004/kringlan_3-1489163154.png 1 83 196 45 43
./004/kringlan_3-1489163214.png 4 30 337 97 94 14 219 71 58 203 189 34 35 182 176 29 22
./004/kringlan_3-1489163275.png 2 172 175 33 31 178 276 57 61
./004/kringlan_3-1489163335.png 0
./004/kringlan_3-1489163396.png 0
./004/kringlan_3-1489163456.png 4 156 195 36 30 129 181 33 25 178 305 70 76 157 167 23 19
./004/kringlan_3-1489163516.png 0
./004/kringlan_3-1489163576.png 0
