./005/kringlan_3-1489163637.png 2 178 283 59 67 129 210 43 38
./005/kringlan_3-1489163697.png 0
./005/kringlan_3-1489163757.png 0
./005/kringlan_3-1489163818.png 1 157 191 33 27
./005/kringlan_3-1489163879.png 0
./005/kringlan_3-1489163939.png 0
./005/kringlan_3-1489163999.png 3 50 311 98 95 50 217 52 45 135 199 49 46
./005/kringlan_3-1489164059.png 0
./005/kringlan_3-1489164119.png 0
./005/kringlan_3-1489164180.png 3 137 288 74 84 85 184 54 53 160 161 27 23
./005/kringlan_3-1489164240.png 5 70 252 60 51 40 225 51 37 148 249 64 60 107 185 39 34 127 353 87 93
./005/kringlan_3-1489164300.png 0
./005/kringlan_3-1489164360.png 3 19 225 63 55 101 197 42 31 151 165 26 22
./005/kringlan_3-1489164420.png 2 156 317 75 84 122 201 51 47
./005/kringlan_3-1489164481.png 0
./005/kringlan_3-1489164541.png 4 98 228 56 50 52 213 53 43 128 176 32 28 166 160 27 23
./005/kringlan_3-1489164601.png 1 131 306 72 81
./005/kringlan_3-1489164661.png 0
./005/kringlan_3-1489164721.png 0
./005/kringlan_3-1489164782.png 0
