./005/kringlan_3-1489163637.png 1 226 128 15 12
./005/kringlan_3-1489163697.png 0
./005/kringlan_3-1489163757.png 0
./005/kringlan_3-1489163818.png 4 218 215 37 39 243 162 22 20 253 135 18 16 227 128 14 11
./005/kringlan_3-1489163879.png 2 244 161 25 25 192 140 19 15
./005/kringlan_3-1489163939.png 1 202 126 16 15
./005/kringlan_3-1489163999.png 2 236 172 28 25 251 124 13 12
./005/kringlan_3-1489164059.png 2 187 155 22 19 209 118 13 12
./005/kringlan_3-1489164119.png 0
./005/kringlan_3-1489164180.png 3 218 202 33 32 244 167 22 22 253 126 16 14
./005/kringlan_3-1489164240.png 2 222 138 18 19 254 140 18 14
./005/kringlan_3-1489164300.png 0
./005/kringlan_3-1489164360.png 3 204 154 22 20 221 134 18 20 204 126 14 13
./005/kringlan_3-1489164420.png 3 224 211 34 34 233 171 28 23 253 140 16 14
./005/kringlan_3-1489164481.png 0
./005/kringlan_3-1489164541.png 0
./005/kringlan_3-1489164601.png 1 216 196 37 40
./005/kringlan_3-1489164661.png 1 224 140 17 16
./005/kringlan_3-1489164721.png 0
./005/kringlan_3-1489164782.png 0
