./006/kringlan_3-1489164842.png 4 149 166 30 24 184 145 21 20 222 141 19 14 251 133 14 13
./006/kringlan_3-1489164902.png 1 183 147 22 19
./006/kringlan_3-1489164963.png 0
./006/kringlan_3-1489165023.png 2 252 140 16 15 211 134 15 13
./006/kringlan_3-1489165083.png 0
./006/kringlan_3-1489165144.png 0
./006/kringlan_3-1489165204.png 7 253 146 19 15 197 163 26 21 180 144 23 19 217 145 20 17 149 206 43 42 212 215 42 47 236 175 28 25
./006/kringlan_3-1489165265.png 1 198 131 15 13
./006/kringlan_3-1489165325.png 0
./006/kringlan_3-1489165385.png 1 237 170 28 25
./006/kringlan_3-1489165445.png 2 170 155 25 19 250 135 16 13
./006/kringlan_3-1489165506.png 0
./006/kringlan_3-1489165566.png 4 220 234 40 42 244 149 22 23 213 149 19 17 165 157 25 19
./006/kringlan_3-1489165626.png 3 192 225 43 40 232 179 28 26 249 159 22 20
./006/kringlan_3-1489165686.png 3 218 145 19 19 196 135 18 15 231 123 14 11
./006/kringlan_3-1489165747.png 2 246 151 21 18 220 143 19 20
./006/kringlan_3-1489165807.png 2 176 153 24 19 200 129 14 14
./006/kringlan_3-1489165867.png 0
./006/kringlan_3-1489169303.png 0
./006/kringlan_3-1489169363.png 2 212 219 39 42 195 136 17 15
