./006/kringlan_3-1489164842.png 3 196 251 53 51 97 191 40 35 150 164 30 24
./006/kringlan_3-1489164902.png 4 8 290 75 66 27 207 68 66 189 295 67 77 139 175 30 23
./006/kringlan_3-1489164963.png 0
./006/kringlan_3-1489165023.png 3 43 249 71 64 153 194 36 31 130 174 34 31
./006/kringlan_3-1489165083.png 2 33 264 71 54 85 193 47 43
./006/kringlan_3-1489165144.png 0
./006/kringlan_3-1489165204.png 1 133 180 31 22
./006/kringlan_3-1489165265.png 0
./006/kringlan_3-1489165325.png 0
./006/kringlan_3-1489165385.png 1 0 330 99 87
./006/kringlan_3-1489165445.png 1 103 196 38 27
./006/kringlan_3-1489165506.png 0
./006/kringlan_3-1489165566.png 4 156 302 84 114 113 208 49 36 199 190 42 45 165 158 25 18
./006/kringlan_3-1489165626.png 2 192 226 43 38 114 365 94 88
./006/kringlan_3-1489165686.png 1 189 199 35 30
./006/kringlan_3-1489165747.png 1 138 173 34 28
./006/kringlan_3-1489165807.png 2 179 277 64 69 93 192 46 41
./006/kringlan_3-1489165867.png 0
./006/kringlan_3-1489169303.png 0
./006/kringlan_3-1489169363.png 1 154 321 80 99
