./007/kringlan_3-1489222356.png 0
./007/kringlan_3-1489222416.png 1 220 141 18 16
./007/kringlan_3-1489223321.png 2 192 138 19 16 229 127 13 12
./007/kringlan_3-1489223442.png 1 189 140 19 18
./007/kringlan_3-1489223502.png 1 201 160 23 22
./007/kringlan_3-1489223562.png 1 206 121 13 10
./007/kringlan_3-1489223623.png 0
./007/kringlan_3-1489223683.png 2 201 163 25 21 252 152 19 17
./007/kringlan_3-1489223803.png 0
./007/kringlan_3-1489223984.png 0
./007/kringlan_3-1489224044.png 2 247 152 20 18 253 136 16 14
./007/kringlan_3-1489224105.png 1 206 151 25 21
./007/kringlan_3-1489224165.png 0
./007/kringlan_3-1489224225.png 0
./007/kringlan_3-1489224286.png 2 211 153 23 19 245 141 20 17
./007/kringlan_3-1489224346.png 0
./007/kringlan_3-1489224406.png 2 167 156 30 25 249 127 16 16
./007/kringlan_3-1489224467.png 0
./007/kringlan_3-1489224527.png 0
./007/kringlan_3-1489224587.png 1 198 131 16 16
