./007/kringlan_3-1489222356.png 0
./007/kringlan_3-1489222416.png 0
./007/kringlan_3-1489223321.png 0
./007/kringlan_3-1489223442.png 1 76 241 58 53
./007/kringlan_3-1489223502.png 1 159 186 33 29
./007/kringlan_3-1489223562.png 1 100 212 133 202
./007/kringlan_3-1489223623.png 0
./007/kringlan_3-1489223683.png 0
./007/kringlan_3-1489223803.png 0
./007/kringlan_3-1489223984.png 0
./007/kringlan_3-1489224044.png 0
./007/kringlan_3-1489224105.png 0
./007/kringlan_3-1489224165.png 0
./007/kringlan_3-1489224225.png 0
./007/kringlan_3-1489224286.png 0
./007/kringlan_3-1489224346.png 0
./007/kringlan_3-1489224406.png 3 77 242 57 47 191 275 58 67 167 157 28 25
./007/kringlan_3-1489224467.png 0
./007/kringlan_3-1489224527.png 1 83 209 43 37
./007/kringlan_3-1489224587.png 0
