./008/kringlan_3-1489224648.png 2 146 169 29 23 203 139 19 17
./008/kringlan_3-1489224708.png 0
./008/kringlan_3-1489224768.png 1 192 235 45 48
./008/kringlan_3-1489224829.png 1 250 136 16 15
./008/kringlan_3-1489224889.png 1 249 123 16 16
./008/kringlan_3-1489224950.png 3 230 160 23 21 253 129 14 14 229 125 14 10
./008/kringlan_3-1489225010.png 2 192 168 26 25 218 142 17 17
./008/kringlan_3-1489225070.png 0
./008/kringlan_3-1489225131.png 0
./008/kringlan_3-1489225191.png 0
./008/kringlan_3-1489225252.png 2 214 143 20 18 248 148 20 16
./008/kringlan_3-1489225312.png 1 178 179 29 24
./008/kringlan_3-1489225372.png 0
./008/kringlan_3-1489225432.png 1 229 190 32 32
./008/kringlan_3-1489225493.png 4 232 173 25 24 251 144 19 16 217 151 21 19 178 153 21 20
./008/kringlan_3-1489225553.png 0
./008/kringlan_3-1489225613.png 0
./008/kringlan_3-1489225673.png 0
./008/kringlan_3-1489225733.png 0
./008/kringlan_3-1489225794.png 0
