./009/kringlan_3-1489239427.png 0
./009/kringlan_3-1489239488.png 1 81 183 56 54
./009/kringlan_3-1489239548.png 0
./009/kringlan_3-1489239608.png 3 58 217 52 44 155 168 26 19 196 167 26 22
./009/kringlan_3-1489239668.png 6 25 335 102 104 24 235 57 43 127 218 40 37 122 190 33 27 214 189 33 29 156 162 27 26
./009/kringlan_3-1489239728.png 1 74 207 45 39
./009/kringlan_3-1489239788.png 0
./009/kringlan_3-1489239849.png 2 50 185 78 72 134 183 30 24
./009/kringlan_3-1489239909.png 0
./009/kringlan_3-1489239970.png 1 168 266 58 68
./009/kringlan_3-1489240030.png 0
./009/kringlan_3-1489240090.png 4 110 266 77 84 35 271 70 59 131 210 42 34 166 160 24 19
./009/kringlan_3-1489240150.png 0
./009/kringlan_3-1489240210.png 2 73 213 52 36 143 177 28 23
./009/kringlan_3-1489240271.png 2 14 283 75 62 116 192 35 26
./009/kringlan_3-1489240331.png 0
./009/kringlan_3-1489240391.png 0
./009/kringlan_3-1489240451.png 0
./009/kringlan_3-1489240511.png 4 199 220 46 49 100 230 51 41 108 194 37 27 176 134 32 33
./009/kringlan_3-1489240571.png 4 42 264 66 54 58 225 52 39 125 186 31 27 159 163 24 18
