./009/kringlan_3-1489239427.png 0
./009/kringlan_3-1489239488.png 1 253 133 14 14
./009/kringlan_3-1489239548.png 0
./009/kringlan_3-1489239608.png 3 195 166 26 25 156 168 26 21 251 141 16 14
./009/kringlan_3-1489239668.png 6 217 220 38 38 214 188 33 31 244 160 22 20 203 165 25 23 219 147 20 16 249 133 17 15
./009/kringlan_3-1489239728.png 4 205 159 26 23 185 147 21 17 226 134 17 17 202 132 14 13
./009/kringlan_3-1489239788.png 0
./009/kringlan_3-1489239849.png 2 208 159 22 19 226 129 15 14
./009/kringlan_3-1489239909.png 0
./009/kringlan_3-1489239970.png 2 225 197 33 33 230 173 27 25
./009/kringlan_3-1489240030.png 0
./009/kringlan_3-1489240090.png 4 214 238 44 49 230 179 30 33 167 160 22 21 221 141 18 18
./009/kringlan_3-1489240150.png 0
./009/kringlan_3-1489240210.png 1 200 136 15 13
./009/kringlan_3-1489240271.png 5 212 197 45 54 173 166 29 28 210 156 20 18 252 142 17 15 198 136 17 17
./009/kringlan_3-1489240331.png 1 207 126 14 16
./009/kringlan_3-1489240391.png 0
./009/kringlan_3-1489240451.png 0
./009/kringlan_3-1489240511.png 4 235 167 28 26 247 143 20 16 225 127 17 16 252 124 15 15
./009/kringlan_3-1489240571.png 2 209 155 22 18 238 127 14 13
