./012/kringlan_3-1489309441.png 0
./012/kringlan_3-1489309501.png 2 248 144 20 19 160 162 26 20
./012/kringlan_3-1489309562.png 0
./012/kringlan_3-1489309622.png 0
./012/kringlan_3-1489309682.png 0
./012/kringlan_3-1489309743.png 0
./012/kringlan_3-1489309803.png 0
./012/kringlan_3-1489309863.png 1 195 138 17 16
./012/kringlan_3-1489309924.png 1 245 120 15 14
./012/kringlan_3-1489309984.png 0
./012/kringlan_3-1489320174.png 1 200 164 25 23
./012/kringlan_3-1489320234.png 0
./012/kringlan_3-1489320596.png 2 204 162 24 21 232 117 14 13
./012/kringlan_3-1489321018.png 1 193 167 27 23
./012/kringlan_3-1489321440.png 2 224 187 37 46 226 128 17 18
./012/kringlan_3-1489321500.png 3 193 230 41 40 179 151 22 18 221 142 18 16
./012/kringlan_3-1489321560.png 1 221 143 17 15
./012/kringlan_3-1489321620.png 3 242 150 26 28 216 146 19 17 189 140 17 15
./012/kringlan_3-1489322673.png 4 188 171 27 21 242 160 23 20 215 144 19 18 250 139 18 18
./012/kringlan_3-1489334005.png 6 209 206 39 43 239 167 26 23 251 150 21 19 188 142 19 18 221 138 16 15 249 131 17 18
