./013/kringlan_3-1489334065.png 0
./013/kringlan_3-1489334125.png 0
./013/kringlan_3-1489334185.png 3 31 229 56 43 209 226 44 50 167 161 22 18
./013/kringlan_3-1489334245.png 0
./013/kringlan_3-1489334305.png 0
./013/kringlan_3-1489334365.png 2 146 322 78 87 172 171 34 29
./013/kringlan_3-1489334426.png 0
./013/kringlan_3-1489334486.png 0
./013/kringlan_3-1489334546.png 0
./013/kringlan_3-1489334606.png 3 65 203 50 46 143 171 32 27 185 178 31 24
./013/kringlan_3-1489334666.png 0
./013/kringlan_3-1489334727.png 1 181 277 58 62
./013/kringlan_3-1489334787.png 1 135 349 85 103
./013/kringlan_3-1489334847.png 1 185 169 30 28
./013/kringlan_3-1489334907.png 0
./013/kringlan_3-1489334968.png 1 169 160 24 19
./013/kringlan_3-1489335028.png 2 60 251 59 51 148 195 39 34
./013/kringlan_3-1489335088.png 0
./013/kringlan_3-1489335148.png 0
./013/kringlan_3-1489335208.png 1 153 170 29 22
