./013/kringlan_3-1489334065.png 0
./013/kringlan_3-1489334125.png 0
./013/kringlan_3-1489334185.png 5 209 226 45 50 166 160 24 22 241 163 24 22 248 141 20 20 230 123 13 12
./013/kringlan_3-1489334245.png 0
./013/kringlan_3-1489334305.png 0
./013/kringlan_3-1489334365.png 1 172 170 35 32
./013/kringlan_3-1489334426.png 0
./013/kringlan_3-1489334486.png 0
./013/kringlan_3-1489334546.png 1 225 134 16 16
./013/kringlan_3-1489334606.png 2 192 139 19 16 254 131 13 12
./013/kringlan_3-1489334666.png 0
./013/kringlan_3-1489334727.png 1 245 166 26 24
./013/kringlan_3-1489334787.png 1 238 172 26 25
./013/kringlan_3-1489334847.png 2 233 177 25 25 184 168 31 31
./013/kringlan_3-1489334907.png 0
./013/kringlan_3-1489334968.png 1 170 159 24 21
./013/kringlan_3-1489335028.png 0
./013/kringlan_3-1489335088.png 0
./013/kringlan_3-1489335148.png 0
./013/kringlan_3-1489335208.png 2 153 169 27 24 197 133 18 18
