./014/kringlan_3-1489335269.png 1 155 167 27 21
./014/kringlan_3-1489335329.png 0
./014/kringlan_3-1489335389.png 0
./014/kringlan_3-1489335449.png 1 160 219 50 53
./014/kringlan_3-1489335509.png 4 71 255 54 51 130 338 85 98 55 216 47 35 161 160 27 21
./014/kringlan_3-1489335569.png 0
./014/kringlan_3-1489335629.png 0
./014/kringlan_3-1489335690.png 0
./014/kringlan_3-1489335750.png 0
./014/kringlan_3-1489335810.png 2 68 186 57 60 139 175 33 26
./014/kringlan_3-1489335871.png 2 114 227 50 40 26 226 56 47
./014/kringlan_3-1489335931.png 1 202 235 40 43
./014/kringlan_3-1489336051.png 2 19 267 71 67 128 292 69 67
./014/kringlan_3-1489336111.png 0
./014/kringlan_3-1489336171.png 0
./014/kringlan_3-1489340084.png 3 192 253 45 51 201 210 37 34 183 174 27 20
./014/kringlan_3-1489340145.png 0
./014/kringlan_3-1489340205.png 0
./014/kringlan_3-1489340265.png 1 141 347 90 105
./014/kringlan_3-1489340325.png 1 160 192 36 24
