./014/kringlan_3-1489335269.png 2 155 166 27 23 253 126 14 15
./014/kringlan_3-1489335329.png 0
./014/kringlan_3-1489335389.png 1 207 123 12 12
./014/kringlan_3-1489335449.png 7 239 168 26 24 212 153 21 20 168 163 26 22 185 146 18 15 251 125 14 14 227 136 17 16 203 128 14 12
./014/kringlan_3-1489335509.png 5 224 201 35 39 160 159 28 23 220 145 18 17 255 136 16 14 195 138 16 13
./014/kringlan_3-1489335569.png 0
./014/kringlan_3-1489335629.png 0
./014/kringlan_3-1489335690.png 2 217 140 22 20 254 131 14 14
./014/kringlan_3-1489335750.png 0
./014/kringlan_3-1489335810.png 3 251 149 19 19 221 145 21 20 174 155 23 20
./014/kringlan_3-1489335871.png 2 215 144 20 18 244 131 19 19
./014/kringlan_3-1489335931.png 1 200 235 44 44
./014/kringlan_3-1489336051.png 4 225 189 33 37 183 152 22 18 221 122 16 14 239 126 16 15
./014/kringlan_3-1489336111.png 2 207 192 31 33 238 156 22 24
./014/kringlan_3-1489336171.png 0
./014/kringlan_3-1489340084.png 2 183 173 26 24 246 157 23 21
./014/kringlan_3-1489340145.png 2 225 201 34 34 198 137 17 15
./014/kringlan_3-1489340205.png 0
./014/kringlan_3-1489340265.png 0
./014/kringlan_3-1489340325.png 2 160 192 31 25 228 129 15 13
