./015/kringlan_3-1489148442.png 0
./015/kringlan_3-1489149587.png 3 214 193 35 30 252 140 18 18 187 147 20 16
./015/kringlan_3-1489232989.png 3 225 166 30 26 184 152 19 18 139 176 29 24
./015/kringlan_3-1489234673.png 4 228 176 31 37 211 154 24 25 249 134 17 19 148 165 33 29
./015/kringlan_3-1489235877.png 0
./015/kringlan_3-1489238886.png 1 212 228 36 43
./015/kringlan_3-1489241173.png 4 234 171 27 26 254 133 15 15 229 134 16 14 192 140 17 15
./015/kringlan_3-1489242377.png 5 224 201 34 31 238 173 25 22 203 157 22 20 178 153 21 17 221 136 16 13
./015/kringlan_3-1489242498.png 0
./015/kringlan_3-1489243642.png 0
./015/kringlan_3-1489244604.png 2 246 161 23 23 200 133 14 14
./015/kringlan_3-1489245145.png 4 240 169 26 26 181 171 33 32 209 155 23 21 251 139 18 17
./015/kringlan_3-1489340386.png 0
./015/kringlan_3-1489340446.png 2 242 149 23 26 229 124 15 14
./015/kringlan_3-1489390909.png 0
./015/kringlan_3-1489391753.png 0
./015/kringlan_3-1489393079.png 0
./015/kringlan_3-1489393441.png 3 240 162 24 23 199 164 26 23 231 127 15 17
./015/kringlan_3-1489393744.png 1 225 178 31 28
./015/kringlan_3-1489396379.png 4 243 162 21 21 210 152 20 18 248 138 19 18 222 136 16 15
