./015/kringlan_3-1489148442.png 0
./015/kringlan_3-1489149587.png 5 20 281 73 61 178 287 62 64 4 243 66 52 94 197 38 32 135 174 30 22
./015/kringlan_3-1489232989.png 4 17 279 70 61 153 293 73 85 122 223 44 36 138 177 29 23
./015/kringlan_3-1489234673.png 2 61 254 63 54 148 165 31 29
./015/kringlan_3-1489235877.png 0
./015/kringlan_3-1489238886.png 2 72 200 48 46 179 183 32 25
./015/kringlan_3-1489241173.png 0
./015/kringlan_3-1489242377.png 2 0 284 80 70 87 207 39 31
./015/kringlan_3-1489242498.png 0
./015/kringlan_3-1489243642.png 1 93 192 46 41
./015/kringlan_3-1489244604.png 0
./015/kringlan_3-1489245145.png 2 37 231 53 41 136 250 59 60
./015/kringlan_3-1489340386.png 0
./015/kringlan_3-1489340446.png 3 68 242 60 56 143 199 39 28 164 138 39 40
./015/kringlan_3-1489390909.png 0
./015/kringlan_3-1489391753.png 3 201 236 48 52 136 211 43 33 111 184 41 35
./015/kringlan_3-1489393079.png 0
./015/kringlan_3-1489393441.png 4 18 280 78 61 113 276 72 66 89 194 43 36 142 196 44 35
./015/kringlan_3-1489393744.png 3 86 278 79 80 187 224 45 42 138 201 46 42
./015/kringlan_3-1489396379.png 2 39 259 76 66 170 178 34 31
