./016/kringlan_3-1489476710.png 0
./016/kringlan_3-1489477011.png 0
./016/kringlan_3-1489477554.png 0
./016/kringlan_3-1489477735.png 0
./016/kringlan_3-1489477915.png 0
./016/kringlan_3-1489478096.png 0
./016/kringlan_3-1489508719.png 1 214 149 22 18
./016/kringlan_3-1489508900.png 1 216 144 23 25
./016/kringlan_3-1489509081.png 5 237 172 24 25 246 142 24 28 221 145 17 18 172 159 23 19 191 139 17 16
./016/kringlan_3-1489509262.png 4 229 175 29 26 217 145 21 18 251 136 15 14 226 122 13 13
./016/kringlan_3-1489516616.png 1 216 199 38 45
./016/kringlan_3-1489516796.png 3 235 181 28 28 189 166 27 30 218 145 20 16
./016/kringlan_3-1489516857.png 3 181 163 27 28 208 156 21 19 250 133 16 12
./016/kringlan_3-1489517038.png 4 218 208 37 44 253 144 17 14 194 138 17 14 227 129 16 14
./016/kringlan_3-1489563737.png 3 237 162 26 25 182 147 19 18 226 137 17 14
./016/kringlan_3-1489563798.png 3 240 164 25 23 179 150 21 18 162 190 36 31
./016/kringlan_3-1489563918.png 3 172 224 50 50 225 174 27 27 182 146 22 19
./016/kringlan_3-1489563978.png 0
./016/kringlan_3-1489564099.png 0
./016/kringlan_3-1489564521.png 4 233 178 29 27 171 155 24 18 250 154 20 17 206 159 20 19
