./016/kringlan_3-1489476710.png 1 48 327 87 85
./016/kringlan_3-1489477011.png 1 112 283 68 64
./016/kringlan_3-1489477554.png 1 21 262 82 82
./016/kringlan_3-1489477735.png 3 13 286 78 66 23 237 51 43 87 206 44 34
./016/kringlan_3-1489477915.png 2 0 243 64 49 19 358 107 95
./016/kringlan_3-1489478096.png 4 0 294 81 76 13 237 64 51 82 241 57 45 189 225 43 42
./016/kringlan_3-1489508719.png 1 33 237 50 38
./016/kringlan_3-1489508900.png 5 6 235 62 48 133 298 63 63 158 240 51 44 90 201 41 31 151 171 25 21
./016/kringlan_3-1489509081.png 3 92 297 82 74 103 227 50 44 123 176 38 34
./016/kringlan_3-1489509262.png 1 178 178 32 25
./016/kringlan_3-1489516616.png 1 61 215 50 43
./016/kringlan_3-1489516796.png 3 88 298 76 68 11 226 67 60 188 167 28 27
./016/kringlan_3-1489516857.png 3 86 230 61 56 158 232 54 53 181 164 30 25
./016/kringlan_3-1489517038.png 3 15 260 84 74 15 233 62 49 184 282 59 67
./016/kringlan_3-1489563737.png 3 38 261 71 70 192 281 63 73 138 173 32 28
./016/kringlan_3-1489563798.png 3 30 274 70 64 107 357 90 98 164 191 31 27
./016/kringlan_3-1489563918.png 5 32 259 78 71 30 233 55 41 172 224 48 49 133 355 93 98 138 175 32 27
./016/kringlan_3-1489563978.png 2 75 211 42 34 181 274 56 55
./016/kringlan_3-1489564099.png 5 63 257 61 54 27 232 55 42 110 221 48 42 82 208 42 29 176 218 52 52
./016/kringlan_3-1489564521.png 4 116 272 65 60 138 343 81 90 45 220 55 45 150 201 38 31
