./017/kringlan_3-1489653933.png 1 187 220 37 34
./017/kringlan_3-1489653994.png 4 212 224 40 43 215 186 32 29 245 160 24 22 251 147 19 16
./017/kringlan_3-1489654054.png 3 226 171 33 35 208 158 25 18 193 133 20 17
./017/kringlan_3-1489659235.png 1 209 150 25 26
./017/kringlan_3-1489660199.png 4 221 195 35 32 248 152 25 22 206 167 28 31 164 161 24 22
./017/kringlan_3-1489660801.png 2 237 172 27 26 179 175 32 26
./017/kringlan_3-1489660861.png 1 207 151 25 24
./017/kringlan_3-1489660982.png 2 180 150 20 16 146 174 31 22
./017/kringlan_3-1489661162.png 3 225 177 31 26 144 172 30 22 208 121 28 41
./017/kringlan_3-1489661343.png 1 206 123 15 16
./017/kringlan_3-1489661403.png 4 230 167 31 30 248 140 18 14 187 145 20 17 200 127 15 15
./017/kringlan_3-1489661644.png 4 233 178 27 26 249 158 22 22 174 153 22 21 193 140 16 16
./017/kringlan_3-1489662186.png 0
./017/kringlan_3-1489663935.png 3 243 154 29 29 201 159 26 25 183 150 21 15
./017/kringlan_3-1489664057.png 3 152 198 39 34 219 145 21 18 185 167 32 29
./017/kringlan_3-1489664177.png 5 212 222 42 42 156 192 39 36 172 157 23 18 192 139 19 17 248 129 18 15
./017/kringlan_3-1489664358.png 4 235 176 30 30 151 163 31 28 197 135 21 15 250 131 17 19
./017/kringlan_3-1489664720.png 5 246 150 22 22 191 172 30 27 163 157 26 22 196 133 17 16 220 131 18 13
./017/kringlan_3-1489665564.png 2 216 207 35 36 250 141 18 17
./017/kringlan_3-1489665804.png 2 239 168 22 22 246 129 16 13
