./017/kringlan_3-1489653933.png 6 13 337 116 110 45 264 64 54 146 257 56 56 103 228 48 40 51 226 54 43 186 217 40 38
./017/kringlan_3-1489653994.png 2 48 249 76 61 215 185 33 32
./017/kringlan_3-1489654054.png 6 195 281 64 74 104 218 54 48 3 246 59 49 152 199 38 31 126 182 34 28 179 173 33 31
./017/kringlan_3-1489659235.png 3 17 260 80 76 69 212 50 51 149 171 29 21
./017/kringlan_3-1489660199.png 3 28 280 69 60 72 209 46 38 164 161 23 21
./017/kringlan_3-1489660801.png 2 8 288 80 70 83 204 41 33
./017/kringlan_3-1489660861.png 1 185 213 45 38
./017/kringlan_3-1489660982.png 2 52 206 58 52 198 196 41 42
./017/kringlan_3-1489661162.png 4 62 312 80 80 80 206 43 36 145 197 47 39 145 172 29 24
./017/kringlan_3-1489661343.png 3 83 242 58 47 13 242 55 44 82 161 64 68
./017/kringlan_3-1489661403.png 1 139 171 32 24
./017/kringlan_3-1489661644.png 3 164 303 64 74 127 260 65 59 101 231 55 40
./017/kringlan_3-1489662186.png 3 34 275 120 140 94 222 61 56 105 195 41 30
./017/kringlan_3-1489663935.png 3 61 297 73 69 11 222 70 61 154 168 29 23
./017/kringlan_3-1489664057.png 3 66 232 71 63 153 236 58 63 153 199 37 31
./017/kringlan_3-1489664177.png 3 59 286 98 91 76 205 78 85 156 191 39 38
./017/kringlan_3-1489664358.png 2 60 249 79 75 92 197 40 35
./017/kringlan_3-1489664720.png 4 142 228 49 45 57 220 52 38 122 177 39 32 191 173 30 25
./017/kringlan_3-1489665564.png 5 161 270 61 64 21 252 58 43 97 202 40 30 154 200 36 30 136 174 29 23
./017/kringlan_3-1489665804.png 1 50 209 50 47
