./018/kringlan_3-1489149648.png 2 55 257 69 58 170 227 50 43
./018/kringlan_3-1489665443.png 3 75 207 42 38 186 165 30 32 195 266 54 50
./018/kringlan_3-1489668578.png 1 26 228 55 50
./018/kringlan_3-1489668698.png 3 52 265 65 55 164 241 57 53 178 183 29 25
./018/kringlan_3-1489668759.png 3 8 287 84 85 88 203 40 30 191 189 34 32
./018/kringlan_3-1489668819.png 2 86 193 51 42 164 233 50 48
./018/kringlan_3-1489669180.png 4 30 283 69 57 159 246 51 50 118 226 46 40 131 146 52 51
./018/kringlan_3-1489669361.png 3 40 226 47 38 111 217 51 44 113 186 45 35
./018/kringlan_3-1489669602.png 3 149 312 70 81 86 238 58 49 103 194 39 33
./018/kringlan_3-1489669782.png 6 61 314 90 86 16 266 80 73 205 208 35 33 126 218 50 38 93 205 40 32 120 186 36 24
./018/kringlan_3-1489670205.png 2 91 290 70 68 90 234 52 43
./018/kringlan_3-1489670265.png 4 8 277 68 58 117 220 48 40 85 203 41 30 134 171 34 28
./018/kringlan_3-1489670506.png 3 54 316 81 74 140 324 74 84 170 184 34 29
./018/kringlan_3-1489671470.png 4 161 242 48 49 108 215 55 48 72 209 43 37 145 171 28 25
./018/kringlan_3-1489671530.png 4 30 269 72 62 80 207 42 34 186 173 32 28 147 166 34 29
./018/kringlan_3-1489671712.png 3 25 280 68 60 40 227 49 40 120 208 56 45
./018/kringlan_3-1489671893.png 2 5 240 60 50 57 209 51 40
./018/kringlan_3-1489672254.png 2 122 210 43 43 123 185 34 24
./018/kringlan_3-1489672976.png 3 162 297 68 71 69 250 61 55 34 220 59 50
