./018/kringlan_3-1489149648.png 3 224 210 35 39 205 154 25 24 229 132 15 15
./018/kringlan_3-1489665443.png 2 234 178 29 32 249 143 18 16
./018/kringlan_3-1489668578.png 4 229 172 28 29 251 148 19 15 194 138 17 17 229 129 15 11
./018/kringlan_3-1489668698.png 0
./018/kringlan_3-1489668759.png 3 250 128 16 14 194 137 18 18 178 153 22 18
./018/kringlan_3-1489668819.png 3 191 187 34 36 178 146 23 22 216 139 17 14
./018/kringlan_3-1489669180.png 3 197 160 22 19 250 142 21 18 215 147 20 20
./018/kringlan_3-1489669361.png 3 240 166 23 21 224 138 16 12 253 128 19 26
./018/kringlan_3-1489669602.png 5 207 227 44 54 234 175 26 23 220 146 19 17 252 131 17 16 194 143 20 18
./018/kringlan_3-1489669782.png 3 205 217 38 38 221 143 20 18 182 151 19 19
./018/kringlan_3-1489670205.png 3 237 170 25 27 250 140 18 18 212 155 24 22
./018/kringlan_3-1489670265.png 3 217 209 38 37 240 160 25 27 176 176 29 26
./018/kringlan_3-1489670506.png 4 211 225 42 39 235 178 27 25 242 160 22 21 168 153 25 22
./018/kringlan_3-1489671470.png 4 242 159 26 22 221 181 30 30 204 155 23 23 222 139 18 17
./018/kringlan_3-1489671530.png 1 146 172 27 22
./018/kringlan_3-1489671712.png 3 187 172 31 30 177 155 21 18 197 135 16 14
./018/kringlan_3-1489671893.png 2 195 162 27 29 220 144 20 19
./018/kringlan_3-1489672254.png 2 205 162 23 22 218 141 17 16
./018/kringlan_3-1489672976.png 3 217 214 34 35 242 164 22 19 254 146 17 15
./018/kringlan_3-1489673579.png 4 209 161 21 21 223 139 18 18 168 160 21 20 243 163 23 21
