./019/kringlan_3-1489674724.png 2 143 173 28 24 225 142 16 16
./019/kringlan_3-1489674784.png 3 223 191 30 29 153 170 28 24 217 147 17 15
./019/kringlan_3-1489675025.png 3 217 188 36 46 244 155 20 21 227 122 14 13
./019/kringlan_3-1489675628.png 4 231 178 31 33 204 157 24 21 169 160 20 18 205 127 14 13
./019/kringlan_3-1489675869.png 3 211 194 35 30 218 140 22 22 184 150 19 16
./019/kringlan_3-1489822790.png 3 204 206 41 47 161 162 24 21 201 131 15 14
./019/kringlan_3-1489826474.png 2 242 153 23 22 206 130 13 13
./019/kringlan_3-1489826715.png 1 226 187 29 27
./019/kringlan_3-1489827319.png 0
./019/kringlan_3-1489827379.png 1 248 159 21 19
./019/kringlan_3-1489827499.png 2 223 150 24 21 202 131 15 15
./019/kringlan_3-1489828585.png 1 226 183 31 30
./019/kringlan_3-1489828826.png 0
./019/kringlan_3-1489828947.png 2 224 158 23 22 233 136 18 14
./019/kringlan_3-1489829007.png 1 243 143 22 21
./019/kringlan_3-1489855043.png 1 237 176 27 29
./019/kringlan_3-1489855103.png 0
./019/kringlan_3-1489855164.png 0
./019/kringlan_3-1489855224.png 6 227 198 37 39 166 246 49 51 236 178 28 23 247 148 20 19 173 153 22 21 224 133 16 16
./019/kringlan_3-1489855465.png 4 214 198 34 36 241 162 26 27 183 175 30 26 176 155 19 20
