./019/kringlan_3-1489674724.png 3 132 251 52 50 72 206 47 41 143 174 30 23
./019/kringlan_3-1489674784.png 3 84 244 57 46 15 237 58 47 153 172 28 21
./019/kringlan_3-1489675025.png 3 19 214 101 122 145 170 27 24 162 301 68 78
./019/kringlan_3-1489675628.png 4 94 284 79 80 52 223 50 39 157 195 33 28 137 178 29 24
./019/kringlan_3-1489675869.png 3 136 262 59 46 129 176 36 28 167 180 32 26
./019/kringlan_3-1489822790.png 1 32 274 68 58
./019/kringlan_3-1489826474.png 2 172 262 58 65 14 230 64 56
./019/kringlan_3-1489826715.png 1 171 178 33 33
./019/kringlan_3-1489827319.png 1 20 269 83 70
./019/kringlan_3-1489827379.png 3 76 242 60 54 54 219 48 40 128 178 35 27
./019/kringlan_3-1489827499.png 0
./019/kringlan_3-1489828585.png 0
./019/kringlan_3-1489828826.png 3 85 241 53 46 101 198 41 30 130 176 34 29
./019/kringlan_3-1489828947.png 2 3 216 75 73 188 216 44 45
./019/kringlan_3-1489829007.png 0
./019/kringlan_3-1489855043.png 1 0 296 72 70
./019/kringlan_3-1489855103.png 0
./019/kringlan_3-1489855164.png 1 127 279 87 96
./019/kringlan_3-1489855224.png 3 71 300 88 96 93 203 41 31 133 179 30 24
./019/kringlan_3-1489855465.png 2 130 205 46 38 90 200 38 32
