./020/kringlan_3-1489854441.png 3 187 294 75 88 54 226 49 38 94 198 42 32
./020/kringlan_3-1489854622.png 2 161 309 72 80 123 184 36 26
./020/kringlan_3-1489854682.png 0
./020/kringlan_3-1489854742.png 1 47 267 66 57
./020/kringlan_3-1489854802.png 1 1 242 56 53
./020/kringlan_3-1489854863.png 2 130 213 44 37 120 183 35 29
./020/kringlan_3-1489854983.png 2 136 212 43 35 88 204 43 37
./020/kringlan_3-1489855705.png 0
./020/kringlan_3-1489855885.png 2 170 177 35 32 217 192 35 29
./020/kringlan_3-1489855946.png 3 130 264 65 60 18 241 58 42 136 176 33 27
./020/kringlan_3-1489856066.png 2 115 194 35 28 201 197 39 39
./020/kringlan_3-1489856307.png 2 103 198 37 31 166 179 37 36
./020/kringlan_3-1489856730.png 0
./020/kringlan_3-1489856911.png 2 26 272 69 55 54 210 48 46
./020/kringlan_3-1489856971.png 4 66 284 70 67 189 219 44 37 134 207 44 41 103 192 37 31
./020/kringlan_3-1489857212.png 0
./020/kringlan_3-1489857272.png 0
./020/kringlan_3-1489857332.png 2 99 227 52 51 137 172 29 24
./020/kringlan_3-1489857392.png 1 135 263 55 56
./020/kringlan_3-1489857814.png 0
