./020/kringlan_3-1489854441.png 6 228 238 48 52 232 167 31 35 221 145 19 17 251 125 15 17 230 121 14 12 170 156 23 20
./020/kringlan_3-1489854622.png 4 232 239 47 45 227 177 32 32 179 176 28 27 242 160 21 21
./020/kringlan_3-1489854682.png 3 196 163 26 23 221 144 17 15 186 144 18 17
./020/kringlan_3-1489854742.png 0
./020/kringlan_3-1489854802.png 1 223 134 17 15
./020/kringlan_3-1489854863.png 2 224 142 18 16 247 131 18 14
./020/kringlan_3-1489854983.png 3 160 163 26 21 215 151 20 20 193 141 17 14
./020/kringlan_3-1489855705.png 4 195 167 26 24 254 132 16 15 230 130 14 12 202 125 14 16
./020/kringlan_3-1489855885.png 2 217 191 36 30 246 155 20 18
./020/kringlan_3-1489855946.png 2 185 147 19 16 247 159 21 23
./020/kringlan_3-1489856066.png 4 171 266 52 54 196 169 28 25 170 153 25 24 199 134 17 17
./020/kringlan_3-1489856307.png 5 204 210 46 50 165 179 39 36 211 151 22 22 242 166 24 24 253 146 19 16
./020/kringlan_3-1489856730.png 2 227 221 36 40 247 150 23 17
./020/kringlan_3-1489856911.png 1 156 164 26 25
./020/kringlan_3-1489856971.png 1 227 132 14 14
./020/kringlan_3-1489857212.png 3 254 143 19 18 229 133 16 16 183 147 20 20
./020/kringlan_3-1489857272.png 1 199 167 26 22
./020/kringlan_3-1489857332.png 2 238 166 28 25 190 173 28 23
./020/kringlan_3-1489857392.png 3 213 213 42 42 244 155 22 23 185 149 19 16
./020/kringlan_3-1489857814.png 3 204 205 47 55 177 152 21 20 246 146 17 17
