./021/kringlan_3-1489739465.png 2 187 206 47 52 239 172 29 27
./021/kringlan_3-1489739525.png 2 251 132 15 13 230 126 13 11
./021/kringlan_3-1489739585.png 2 215 193 31 31 195 171 23 21
./021/kringlan_3-1489739706.png 1 173 187 36 40
./021/kringlan_3-1489739766.png 5 218 266 50 51 240 171 23 22 143 201 39 36 77 213 35 31 251 153 19 16
./021/kringlan_3-1489739827.png 2 237 181 26 24 244 159 20 18
./021/kringlan_3-1489739887.png 2 235 161 20 21 253 140 18 14
./021/kringlan_3-1489739947.png 4 229 186 32 29 196 205 39 36 184 180 29 24 246 158 23 21
./021/kringlan_3-1489740007.png 2 236 174 25 25 256 131 14 13
./021/kringlan_3-1489740068.png 1 219 189 33 34
./021/kringlan_3-1489740128.png 3 216 235 49 61 213 192 34 33 244 166 23 20
./021/kringlan_3-1489740188.png 2 208 192 34 33 236 171 25 23
./021/kringlan_3-1489740249.png 5 226 193 28 27 198 159 26 25 191 141 18 15 225 134 16 12 255 135 17 12
./021/kringlan_3-1489740309.png 2 196 203 39 34 226 181 30 26
./021/kringlan_3-1489740369.png 3 225 189 31 29 241 157 24 23 218 150 19 18
./021/kringlan_3-1489740430.png 0
./021/kringlan_3-1489740490.png 3 253 130 15 12 189 178 28 23 204 164 22 18
./021/kringlan_3-1489740550.png 3 239 222 41 42 230 190 30 27 244 159 23 20
./021/kringlan_3-1489740610.png 1 191 172 28 26
./021/kringlan_3-1489740670.png 2 135 176 30 29 159 166 21 19
