./021/kringlan_3-1489739465.png 5 43 331 95 81 101 260 81 72 186 205 48 51 0 246 58 47 53 221 51 36
./021/kringlan_3-1489739525.png 7 33 346 96 94 78 247 56 44 10 235 63 47 105 190 39 32 159 185 39 39 139 176 27 19 185 164 31 27
./021/kringlan_3-1489739585.png 6 94 270 78 80 51 242 70 67 184 225 42 39 112 214 50 43 57 216 46 34 0 240 57 48
./021/kringlan_3-1489739706.png 3 100 225 57 46 49 222 47 39 101 193 35 30
./021/kringlan_3-1489739766.png 3 91 302 76 76 77 205 42 41 143 197 44 40
./021/kringlan_3-1489739827.png 3 111 278 68 59 172 228 47 43 23 241 87 79
./021/kringlan_3-1489739887.png 2 73 205 49 39 119 186 36 29
./021/kringlan_3-1489739947.png 5 61 309 95 86 71 250 62 50 18 241 62 43 69 213 44 32 130 190 51 56
./021/kringlan_3-1489740007.png 2 78 235 61 55 51 221 45 34
./021/kringlan_3-1489740068.png 2 93 292 79 79 154 152 60 70
./021/kringlan_3-1489740128.png 5 85 245 56 46 0 242 59 41 149 198 42 38 0 329 118 121 188 293 66 66
./021/kringlan_3-1489740188.png 1 81 298 81 77
./021/kringlan_3-1489740249.png 2 46 263 61 51 122 218 46 39
./021/kringlan_3-1489740309.png 6 90 279 80 78 76 240 59 47 26 223 62 48 158 233 52 47 135 199 44 39 98 200 41 30
./021/kringlan_3-1489740369.png 5 83 248 57 46 153 227 65 62 36 213 57 48 98 196 37 29 142 171 30 27
./021/kringlan_3-1489740430.png 0
./021/kringlan_3-1489740490.png 6 106 274 72 61 9 264 84 76 97 221 57 53 149 203 36 29 76 208 44 35 117 181 38 31
./021/kringlan_3-1489740550.png 3 63 247 66 54 28 329 104 92 103 265 76 74
./021/kringlan_3-1489740610.png 2 62 254 62 53 59 216 45 37
./021/kringlan_3-1489740670.png 4 15 289 82 63 115 278 69 65 101 232 55 45 73 202 44 41
