./022/kringlan_3-1489742178.png 4 176 255 55 63 232 172 26 23 201 160 25 24 249 140 16 15
./022/kringlan_3-1489743745.png 4 216 186 30 28 241 155 20 18 183 146 19 16 255 140 16 14
./022/kringlan_3-1489743865.png 1 152 172 25 24
./022/kringlan_3-1489743925.png 5 232 172 29 25 249 151 19 18 216 145 19 17 193 143 18 15 176 181 31 29
./022/kringlan_3-1489743985.png 4 194 171 28 28 186 141 19 17 248 143 17 15 224 140 16 16
./022/kringlan_3-1489744046.png 2 230 176 29 27 252 130 18 15
./022/kringlan_3-1489744106.png 1 249 119 15 14
./022/kringlan_3-1489744166.png 5 238 167 24 21 199 162 25 20 158 162 27 22 249 144 17 14 240 130 15 14
./022/kringlan_3-1489765023.png 3 170 154 25 25 224 117 13 11 209 115 12 10
./022/kringlan_3-1489765084.png 4 249 144 20 19 220 144 17 16 197 163 26 25 248 124 18 15
./022/kringlan_3-1489765144.png 2 212 226 40 37 213 154 20 19
./022/kringlan_3-1489765385.png 4 230 172 30 28 244 145 18 16 176 152 21 20 199 138 16 16
./022/kringlan_3-1489765566.png 2 180 152 21 20 228 140 16 15
./022/kringlan_3-1489766290.png 7 242 150 20 21 197 168 27 24 139 176 27 24 181 150 21 20 221 140 19 17 253 136 18 15 197 137 17 14
./022/kringlan_3-1489766350.png 0
./022/kringlan_3-1489766832.png 7 223 205 35 41 245 152 23 22 211 153 21 20 169 155 22 22 190 143 17 16 199 127 16 15 134 177 28 25
./022/kringlan_3-1489766892.png 3 229 177 28 27 216 151 22 19 182 147 21 18
./022/kringlan_3-1490037092.png 0
./022/kringlan_3-1490037152.png 5 173 218 37 37 240 162 25 25 219 139 19 16 249 144 19 16 229 124 12 11
./022/kringlan_3-1490037996.png 3 230 178 26 29 146 175 28 23 206 128 14 14
