./022/kringlan_3-1489742178.png 1 175 242 62 77
./022/kringlan_3-1489743745.png 3 159 221 57 53 115 189 36 27 188 286 66 89
./022/kringlan_3-1489743865.png 1 93 286 83 79
./022/kringlan_3-1489743925.png 3 69 199 54 46 177 181 30 28 118 189 31 24
./022/kringlan_3-1489743985.png 2 90 240 51 44 77 208 40 33
./022/kringlan_3-1489744046.png 1 145 172 27 21
./022/kringlan_3-1489744106.png 3 124 261 72 69 1 282 75 84 89 198 43 37
./022/kringlan_3-1489744166.png 2 57 204 55 51 157 161 29 24
./022/kringlan_3-1489765023.png 2 54 257 60 49 179 183 32 27
./022/kringlan_3-1489765084.png 3 111 223 53 51 130 176 34 31 200 196 39 39
./022/kringlan_3-1489765144.png 1 202 186 35 36
./022/kringlan_3-1489765385.png 4 42 341 105 105 32 228 53 42 140 205 39 34 124 178 37 35
./022/kringlan_3-1489765566.png 3 1 245 57 49 84 197 41 34 92 240 64 73
./022/kringlan_3-1489766290.png 2 69 213 46 37 139 175 28 25
./022/kringlan_3-1489766350.png 1 92 203 36 32
./022/kringlan_3-1489766832.png 2 9 235 63 53 133 179 31 24
./022/kringlan_3-1489766892.png 6 86 235 55 50 183 287 62 70 180 228 45 42 155 195 38 31 117 184 38 29 153 166 27 21
./022/kringlan_3-1490037092.png 1 36 268 76 60
./022/kringlan_3-1490037152.png 1 0 240 61 53
./022/kringlan_3-1490037996.png 0
