./023/kringlan_3-1489757550.png 1 150 197 39 43
./023/kringlan_3-1489757610.png 5 47 260 70 61 24 237 56 46 91 198 42 36 167 225 52 52 137 185 28 23
./023/kringlan_3-1489757731.png 6 104 294 75 65 0 299 75 67 106 232 54 41 43 220 53 48 97 195 42 33 145 190 42 39
./023/kringlan_3-1489757791.png 4 29 261 73 61 76 203 45 39 133 209 44 38 84 345 97 107
./023/kringlan_3-1489757972.png 4 57 254 62 48 80 210 41 34 147 259 58 59 139 178 29 23
./023/kringlan_3-1489758032.png 3 87 237 60 48 12 186 109 91 154 202 36 32
./023/kringlan_3-1489944546.png 2 101 201 39 30 155 170 26 22
./023/kringlan_3-1490006224.png 3 51 219 50 38 0 296 81 69 154 168 27 21
./023/kringlan_3-1490006405.png 2 24 223 65 53 114 191 31 28
./023/kringlan_3-1490006886.png 4 153 245 54 48 40 224 54 42 124 187 36 29 156 162 28 23
./023/kringlan_3-1490007731.png 1 83 288 79 74
./023/kringlan_3-1490008152.png 3 41 269 67 53 191 199 42 39 133 131 61 64
./023/kringlan_3-1490027685.png 4 18 255 80 73 68 200 49 42 151 307 67 78 134 180 32 25
./023/kringlan_3-1490027927.png 2 49 221 52 39 134 180 31 22
./023/kringlan_3-1490028228.png 4 71 252 61 46 145 189 43 46 198 204 41 35 113 183 39 34
./023/kringlan_3-1490028288.png 1 123 328 86 93
./023/kringlan_3-1490028409.png 1 154 202 36 32
./023/kringlan_3-1490028469.png 2 26 235 58 46 107 192 35 29
./023/kringlan_3-1490028590.png 1 162 197 36 33
./023/kringlan_3-1490032630.png 0
