./023/kringlan_3-1489757550.png 2 181 151 22 18 230 119 11 10
./023/kringlan_3-1489757610.png 4 226 183 26 27 203 160 25 21 249 154 20 16 184 147 21 21
./023/kringlan_3-1489757731.png 4 247 154 18 21 223 135 15 15 188 147 21 17 191 177 27 23
./023/kringlan_3-1489757791.png 6 212 236 41 50 195 173 26 22 182 146 20 22 215 154 18 21 224 137 18 15 208 127 12 12
./023/kringlan_3-1489757972.png 1 139 178 29 23
./023/kringlan_3-1489758032.png 7 222 206 35 31 154 204 32 28 242 170 25 19 193 166 26 25 173 158 18 18 252 141 18 19 191 143 18 15
./023/kringlan_3-1489944546.png 1 225 182 25 25
./023/kringlan_3-1490006224.png 4 154 169 26 21 201 158 21 20 183 146 20 19 227 132 16 12
./023/kringlan_3-1490006405.png 4 201 166 23 20 243 142 24 28 196 133 15 13 153 164 28 25
./023/kringlan_3-1490006886.png 6 196 167 25 24 155 161 29 23 224 140 17 17 254 136 18 14 201 127 15 17 209 113 11 10
./023/kringlan_3-1490007731.png 5 200 219 42 44 189 195 30 27 215 151 21 17 155 165 27 21 228 124 15 12
./023/kringlan_3-1490008152.png 5 245 155 20 20 220 144 19 17 254 132 14 13 191 140 18 15 199 259 48 59
./023/kringlan_3-1490027685.png 6 233 175 30 29 250 142 19 19 187 170 24 23 183 150 19 16 218 141 17 13 207 120 14 13
./023/kringlan_3-1490027927.png 6 246 157 22 19 220 146 18 17 184 149 21 17 206 197 31 33 256 139 17 17 197 136 16 14
./023/kringlan_3-1490028228.png 4 185 156 22 20 227 134 16 13 251 131 16 13 191 175 25 22
./023/kringlan_3-1490028288.png 1 242 162 24 25
./023/kringlan_3-1490028409.png 6 218 193 33 37 154 203 34 29 249 145 19 17 221 141 18 16 191 140 17 15 195 164 26 22
./023/kringlan_3-1490028469.png 1 195 135 16 16
./023/kringlan_3-1490028590.png 2 249 152 22 21 156 164 28 24
./023/kringlan_3-1490032630.png 0
