./024/kringlan_3-1489756284.png 4 4 276 84 80 79 209 45 37 139 175 31 28 154 294 71 94
./024/kringlan_3-1489756766.png 3 96 233 59 50 37 218 52 48 154 336 87 102
./024/kringlan_3-1489757128.png 6 13 288 75 62 13 234 59 49 162 242 52 46 161 200 35 28 126 174 34 34 162 159 29 27
./024/kringlan_3-1489757369.png 3 44 257 75 74 187 225 42 40 162 200 35 33
./024/kringlan_3-1490030037.png 5 96 291 72 73 15 279 77 65 26 223 63 53 136 199 42 39 84 206 41 32
./024/kringlan_3-1490030098.png 4 43 266 67 53 121 271 63 58 189 320 79 83 23 219 64 57
./024/kringlan_3-1490030158.png 3 0 247 61 53 62 217 45 36 106 184 43 38
./024/kringlan_3-1490030218.png 3 81 245 62 48 86 208 44 33 119 182 36 30
./024/kringlan_3-1490030399.png 1 0 292 78 59
./024/kringlan_3-1490030761.png 2 61 245 65 56 160 191 37 31
./024/kringlan_3-1490032509.png 0
./024/kringlan_3-1490032570.png 1 148 327 86 99
./024/kringlan_3-1490032690.png 3 64 248 65 52 175 172 33 31 142 169 33 27
./024/kringlan_3-1490032751.png 2 34 218 64 56 190 172 30 26
./024/kringlan_3-1490036309.png 2 122 216 45 37 81 210 43 36
./024/kringlan_3-1490036369.png 0
./024/kringlan_3-1490036429.png 1 66 233 69 69
./024/kringlan_3-1490036489.png 0
./024/kringlan_3-1490036550.png 1 136 210 42 37
