./024/kringlan_3-1489756284.png 6 210 222 40 38 235 176 27 23 184 177 29 23 216 147 19 15 244 154 20 18 190 140 19 18
./024/kringlan_3-1489756766.png 4 232 189 30 26 245 152 22 24 252 125 11 11 226 136 15 14
./024/kringlan_3-1489757128.png 4 191 177 26 24 206 158 24 21 232 148 19 17 162 161 28 25
./024/kringlan_3-1489757369.png 4 227 179 26 24 250 152 20 18 229 132 11 11 251 135 14 15
./024/kringlan_3-1490030037.png 5 218 144 18 16 253 146 20 16 253 132 16 13 228 126 12 11 196 133 16 14
./024/kringlan_3-1490030098.png 6 240 175 25 22 250 151 23 19 211 151 24 25 252 128 16 13 227 132 16 13 189 141 19 17
./024/kringlan_3-1490030158.png 1 181 176 29 23
./024/kringlan_3-1490030218.png 3 152 210 36 37 192 138 19 17 244 134 17 13
./024/kringlan_3-1490030399.png 3 216 141 20 17 178 147 22 21 204 123 17 16
./024/kringlan_3-1490030761.png 4 239 168 25 24 215 152 21 18 252 136 17 15 219 252 46 44
./024/kringlan_3-1490032509.png 3 219 224 41 39 228 184 30 27 248 120 12 13
./024/kringlan_3-1490032570.png 4 251 140 16 15 188 144 18 16 226 127 14 10 246 117 13 9
./024/kringlan_3-1490032690.png 3 230 170 28 28 253 129 16 13 207 124 13 11
./024/kringlan_3-1490032751.png 4 179 151 20 16 218 144 20 20 190 172 30 26 227 131 17 13
./024/kringlan_3-1490036309.png 0
./024/kringlan_3-1490036369.png 2 211 229 42 39 218 148 21 18
./024/kringlan_3-1490036429.png 1 204 131 15 12
./024/kringlan_3-1490036489.png 5 237 172 26 24 249 148 20 18 178 151 22 18 254 134 18 14 227 118 14 12
./024/kringlan_3-1490036550.png 6 241 165 22 22 255 141 20 21 202 162 24 21 182 142 22 20 224 133 15 14 196 241 52 60
