./025/kringlan_3-1489658512.png 6 227 189 32 30 187 173 28 24 159 167 27 20 221 138 20 19 252 131 17 14 192 138 19 16
./025/kringlan_3-1489658693.png 3 247 152 22 18 207 160 24 22 225 119 12 11
./025/kringlan_3-1489658813.png 2 180 155 24 21 223 127 16 13
./025/kringlan_3-1489658873.png 1 219 143 23 22
./025/kringlan_3-1489659777.png 6 243 157 23 23 138 176 29 27 160 161 25 20 196 137 16 16 229 129 14 14 252 125 16 14
./025/kringlan_3-1489659837.png 2 208 121 14 14 228 115 12 11
./025/kringlan_3-1489659897.png 2 250 128 15 14 209 113 12 11
./025/kringlan_3-1489659957.png 2 186 166 22 18 246 125 17 14
./025/kringlan_3-1489660018.png 4 221 177 32 32 174 155 25 22 243 145 25 31 226 134 16 14
./025/kringlan_3-1489660078.png 0
./025/kringlan_3-1489670024.png 6 188 169 29 28 170 157 21 20 193 140 17 15 245 122 13 11 210 157 22 19 236 157 27 36
./025/kringlan_3-1489670084.png 3 189 265 56 58 156 166 25 22 193 141 21 17
./025/kringlan_3-1489670446.png 3 244 159 23 19 210 153 23 21 164 161 24 21
./025/kringlan_3-1489670867.png 6 247 152 21 18 214 162 21 20 181 149 21 19 226 147 17 16 250 130 19 18 200 135 16 12
./025/kringlan_3-1489671109.png 5 153 170 24 24 249 155 20 20 253 128 14 13 230 126 14 12 198 132 17 14
./025/kringlan_3-1489672735.png 2 247 151 21 20 195 166 28 27
./025/kringlan_3-1489673398.png 5 235 171 27 24 214 148 23 20 150 170 26 25 173 182 30 27 204 127 14 14
./025/kringlan_3-1489747663.png 1 166 160 24 21
./025/kringlan_3-1489747723.png 1 254 138 17 14
./025/kringlan_3-1489747784.png 3 234 175 28 31 224 140 17 14 249 142 20 17
