./025/kringlan_3-1489658512.png 3 1 297 82 71 157 242 54 50 102 216 53 46
./025/kringlan_3-1489658693.png 2 14 226 64 53 150 164 29 27
./025/kringlan_3-1489658813.png 1 180 155 23 21
./025/kringlan_3-1489658873.png 3 97 237 56 47 91 200 40 34 153 168 29 23
./025/kringlan_3-1489659777.png 3 80 250 58 50 90 199 43 37 138 175 33 27
./025/kringlan_3-1489659837.png 0
./025/kringlan_3-1489659897.png 0
./025/kringlan_3-1489659957.png 1 173 185 33 29
./025/kringlan_3-1489660018.png 5 163 262 65 74 79 231 64 56 176 221 47 43 40 223 51 39 103 189 40 32
./025/kringlan_3-1489660078.png 0
./025/kringlan_3-1489670024.png 3 74 309 86 85 168 216 55 57 86 161 66 68
./025/kringlan_3-1489670084.png 3 94 239 52 43 107 193 35 31 189 266 57 56
./025/kringlan_3-1489670446.png 1 81 208 40 34
./025/kringlan_3-1489670867.png 1 190 213 41 36
./025/kringlan_3-1489671109.png 1 140 311 79 91
./025/kringlan_3-1489672735.png 1 85 191 48 43
./025/kringlan_3-1489673398.png 2 15 226 67 52 181 222 41 38
./025/kringlan_3-1489747663.png 4 131 267 61 57 0 246 59 47 67 214 45 36 124 182 34 30
./025/kringlan_3-1489747723.png 3 23 269 73 59 2 234 62 53 80 216 48 33
./025/kringlan_3-1489747784.png 3 42 252 69 64 124 177 34 31 14 235 59 46
