./026/kringlan_3-1489657608.png 2 80 239 56 45 149 189 42 37
./026/kringlan_3-1489657668.png 3 105 184 40 38 159 195 34 30 204 166 28 25
./026/kringlan_3-1489657849.png 2 104 194 37 31 177 182 31 27
./026/kringlan_3-1489657969.png 0
./026/kringlan_3-1489658030.png 3 127 220 45 38 92 195 42 40 141 176 31 23
./026/kringlan_3-1489658090.png 1 37 228 55 40
./026/kringlan_3-1489658210.png 2 137 303 74 78 154 192 38 30
./026/kringlan_3-1489658270.png 1 103 197 42 33
./026/kringlan_3-1489658331.png 1 155 167 28 23
./026/kringlan_3-1489659415.png 0
./026/kringlan_3-1489659476.png 1 18 224 67 54
./026/kringlan_3-1489659536.png 0
./026/kringlan_3-1489659596.png 1 133 180 32 23
./026/kringlan_3-1489659656.png 0
./026/kringlan_3-1489748810.png 3 76 211 44 35 126 186 34 26 150 305 73 72
./026/kringlan_3-1489749232.png 2 80 241 65 58 158 195 37 33
./026/kringlan_3-1489749653.png 5 66 215 47 36 140 206 41 36 66 312 88 80 177 218 47 48 142 169 31 28
./026/kringlan_3-1489749834.png 2 101 203 38 31 177 179 30 29
./026/kringlan_3-1489750076.png 4 134 206 45 39 75 301 74 71 119 159 47 55 164 161 25 23
./026/kringlan_3-1489750256.png 4 55 217 51 44 146 215 41 38 132 183 30 26 176 163 36 43
