./026/kringlan_3-1489657608.png 4 227 196 34 31 245 158 23 21 197 164 25 23 178 149 19 20
./026/kringlan_3-1489657668.png 5 221 201 32 34 244 145 23 27 169 158 22 21 220 146 19 18 206 124 13 12
./026/kringlan_3-1489657849.png 4 218 183 31 28 177 181 31 28 203 120 15 17 249 125 17 17
./026/kringlan_3-1489657969.png 0
./026/kringlan_3-1489658030.png 6 221 224 38 42 219 183 33 32 209 150 23 23 251 137 18 15 141 176 29 24 233 164 24 21
./026/kringlan_3-1489658090.png 3 252 122 16 16 227 129 16 15 200 129 15 16
./026/kringlan_3-1489658210.png 2 210 143 19 17 249 126 19 24
./026/kringlan_3-1489658270.png 4 210 236 52 59 222 152 21 25 251 122 14 13 203 123 16 14
./026/kringlan_3-1489658331.png 4 232 134 19 19 247 121 15 13 197 130 17 19 207 115 12 13
./026/kringlan_3-1489659415.png 2 251 134 17 16 182 141 22 22
./026/kringlan_3-1489659476.png 4 242 155 23 22 249 132 16 13 223 130 15 15 207 120 13 14
./026/kringlan_3-1489659536.png 2 234 180 28 27 226 129 18 16
./026/kringlan_3-1489659596.png 4 227 179 36 35 248 125 15 14 228 129 17 19 202 127 16 13
./026/kringlan_3-1489659656.png 3 202 157 26 23 189 143 17 16 245 133 19 16
./026/kringlan_3-1489748810.png 5 224 189 35 43 184 151 20 17 249 137 19 19 227 125 15 14 202 135 15 13
./026/kringlan_3-1489749232.png 3 237 166 27 24 203 167 24 22 186 144 19 17
./026/kringlan_3-1489749653.png 5 196 175 26 21 188 144 19 18 142 168 30 29 228 127 12 11 246 123 27 41
./026/kringlan_3-1489749834.png 7 230 189 29 27 244 151 22 23 227 123 14 14 187 144 19 17 219 148 17 15 200 162 25 23 162 233 42 36
./026/kringlan_3-1489750076.png 3 238 171 26 22 254 138 16 15 187 141 22 19
./026/kringlan_3-1489750256.png 3 233 173 28 23 218 144 17 16 251 140 18 18
