./positives/001/kringlan_3-1489133369.png 2 197 165 26 21 195 141 16 14
./positives/001/kringlan_3-1489133429.png 5 214 234 42 44 223 199 31 31 245 164 24 23 203 157 22 22 251 132 16 13
./positives/001/kringlan_3-1489133489.png 1 242 162 22 20
./positives/001/kringlan_3-1489133550.png 2 226 200 32 36 226 129 17 15
./positives/001/kringlan_3-1489133610.png 5 224 204 32 33 244 152 20 19 215 145 17 15 252 134 16 13 227 116 13 13
./positives/001/kringlan_3-1489133670.png 0
./positives/001/kringlan_3-1489133730.png 4 241 158 20 21 251 140 18 17 225 132 18 15 200 129 15 14
./positives/001/kringlan_3-1489133791.png 3 175 152 21 19 189 140 19 15 225 127 14 12
./positives/001/kringlan_3-1489133851.png 0
./positives/001/kringlan_3-1489133911.png 4 213 206 40 52 237 168 25 25 221 144 18 15 228 113 13 19
./positives/001/kringlan_3-1489133972.png 1 230 129 17 15
./positives/001/kringlan_3-1489134032.png 3 216 233 42 47 241 156 24 23 231 124 14 14
./positives/001/kringlan_3-1489134092.png 1 244 146 19 17
./positives/001/kringlan_3-1489134153.png 3 222 205 36 41 240 160 26 26 254 128 17 15
./positives/001/kringlan_3-1489134213.png 1 227 193 30 27
./positives/001/kringlan_3-1489134273.png 2 252 143 20 19 228 135 17 16
./positives/001/kringlan_3-1489134333.png 2 231 169 27 25 248 123 27 30
./positives/001/kringlan_3-1489134454.png 6 230 204 33 36 232 179 28 25 244 161 22 18 213 158 22 19 189 173 26 23 170 154 24 19
./positives/001/kringlan_3-1489134574.png 2 228 186 35 38 243 157 21 18
./positives/001/kringlan_3-1489134634.png 1 226 136 39 54
./positives/002/kringlan_3-1489134694.png 1 208 144 22 25
./positives/002/kringlan_3-1489134755.png 0
./positives/002/kringlan_3-1489134815.png 3 198 238 52 59 217 148 16 17 246 153 21 19
./positives/002/kringlan_3-1489134876.png 3 231 186 28 28 184 158 24 21 191 139 18 15
./positives/002/kringlan_3-1489134936.png 0
./positives/002/kringlan_3-1489134996.png 2 235 170 28 26 245 152 20 17
./positives/002/kringlan_3-1489135057.png 3 241 160 26 21 214 147 20 18 212 195 38 37
./positives/002/kringlan_3-1489135117.png 2 221 213 36 38 234 179 28 25
./positives/002/kringlan_3-1489135177.png 3 205 195 31 30 239 168 25 27 206 159 24 20
./positives/002/kringlan_3-1489144885.png 0
./positives/002/kringlan_3-1489144945.png 1 233 133 15 14
./positives/002/kringlan_3-1489145005.png 0
./positives/002/kringlan_3-1489145065.png 0
./positives/002/kringlan_3-1489145126.png 0
./positives/002/kringlan_3-1489145367.png 4 229 180 27 25 241 162 23 19 226 132 13 11 253 127 13 11
./positives/002/kringlan_3-1489160923.png 2 209 158 23 19 249 138 18 15
./positives/002/kringlan_3-1489160983.png 3 217 220 46 52 221 178 31 30 203 127 14 13
./positives/002/kringlan_3-1489161044.png 0
./positives/002/kringlan_3-1489161104.png 2 234 171 27 23 233 118 13 12
./positives/002/kringlan_3-1489161164.png 1 209 116 12 11
./positives/003/kringlan_3-1489161225.png 0
./positives/003/kringlan_3-1489161285.png 3 232 168 31 29 254 136 17 14 191 140 17 17
./positives/003/kringlan_3-1489161345.png 0
./positives/003/kringlan_3-1489161405.png 0
./positives/003/kringlan_3-1489161466.png 4 222 192 40 53 245 155 22 22 224 137 17 16 200 135 16 14
./positives/003/kringlan_3-1489161526.png 0
./positives/003/kringlan_3-1489161586.png 0
./positives/003/kringlan_3-1489161647.png 1 207 161 21 19
./positives/003/kringlan_3-1489161707.png 0
./positives/003/kringlan_3-1489161767.png 1 250 135 16 15
./positives/003/kringlan_3-1489161828.png 1 223 114 21 26
./positives/003/kringlan_3-1489161888.png 0
./positives/003/kringlan_3-1489161948.png 0
./positives/003/kringlan_3-1489162009.png 3 236 171 24 21 254 137 18 15 214 144 22 18
./positives/003/kringlan_3-1489162069.png 2 232 178 25 27 246 159 21 20
./positives/003/kringlan_3-1489162129.png 0
./positives/003/kringlan_3-1489162189.png 2 234 204 32 32 251 134 18 14
./positives/003/kringlan_3-1489162249.png 0
./positives/003/kringlan_3-1489162310.png 0
./positives/003/kringlan_3-1489162370.png 3 220 230 42 40 224 188 34 37 254 136 16 14
./positives/004/kringlan_3-1489162431.png 0
./positives/004/kringlan_3-1489162491.png 0
./positives/004/kringlan_3-1489162551.png 3 196 234 45 46 221 184 27 27 248 151 22 23
./positives/004/kringlan_3-1489162612.png 1 231 191 27 29
./positives/004/kringlan_3-1489162672.png 0
./positives/004/kringlan_3-1489162732.png 1 231 185 32 35
./positives/004/kringlan_3-1489162792.png 4 195 190 69 114 110 252 47 43 235 137 16 15 186 145 21 18
./positives/004/kringlan_3-1489162852.png 1 229 242 42 45
./positives/004/kringlan_3-1489162913.png 3 248 154 21 21 234 174 25 19 206 147 21 21
./positives/004/kringlan_3-1489162973.png 0
./positives/004/kringlan_3-1489163033.png 1 221 202 46 45
./positives/004/kringlan_3-1489163093.png 2 247 156 22 19 230 128 14 11
./positives/004/kringlan_3-1489163154.png 0
./positives/004/kringlan_3-1489163214.png 1 205 187 33 37
./positives/004/kringlan_3-1489163275.png 3 219 200 36 39 239 167 24 22 226 132 16 13
./positives/004/kringlan_3-1489163335.png 1 191 139 20 15
./positives/004/kringlan_3-1489163396.png 1 248 147 18 16
./positives/004/kringlan_3-1489163456.png 4 226 210 38 41 241 164 26 25 226 141 17 14 191 145 16 13
./positives/004/kringlan_3-1489163516.png 1 246 158 20 19
./positives/004/kringlan_3-1489163576.png 0
./positives/005/kringlan_3-1489163637.png 1 226 128 15 12
./positives/005/kringlan_3-1489163697.png 0
./positives/005/kringlan_3-1489163757.png 0
./positives/005/kringlan_3-1489163818.png 4 218 215 37 39 243 162 22 20 253 135 18 16 227 128 14 11
./positives/005/kringlan_3-1489163879.png 2 244 161 25 25 192 140 19 15
./positives/005/kringlan_3-1489163939.png 1 202 126 16 15
./positives/005/kringlan_3-1489163999.png 2 236 172 28 25 251 124 13 12
./positives/005/kringlan_3-1489164059.png 2 187 155 22 19 209 118 13 12
./positives/005/kringlan_3-1489164119.png 0
./positives/005/kringlan_3-1489164180.png 3 218 202 33 32 244 167 22 22 253 126 16 14
./positives/005/kringlan_3-1489164240.png 2 222 138 18 19 254 140 18 14
./positives/005/kringlan_3-1489164300.png 0
./positives/005/kringlan_3-1489164360.png 3 204 154 22 20 221 134 18 20 204 126 14 13
./positives/005/kringlan_3-1489164420.png 3 224 211 34 34 233 171 28 23 253 140 16 14
./positives/005/kringlan_3-1489164481.png 0
./positives/005/kringlan_3-1489164541.png 0
./positives/005/kringlan_3-1489164601.png 1 216 196 37 40
./positives/005/kringlan_3-1489164661.png 1 224 140 17 16
./positives/005/kringlan_3-1489164721.png 0
./positives/005/kringlan_3-1489164782.png 0
./positives/006/kringlan_3-1489164842.png 4 149 166 30 24 184 145 21 20 222 141 19 14 251 133 14 13
./positives/006/kringlan_3-1489164902.png 1 183 147 22 19
./positives/006/kringlan_3-1489164963.png 0
./positives/006/kringlan_3-1489165023.png 2 252 140 16 15 211 134 15 13
./positives/006/kringlan_3-1489165083.png 0
./positives/006/kringlan_3-1489165144.png 0
./positives/006/kringlan_3-1489165204.png 7 253 146 19 15 197 163 26 21 180 144 23 19 217 145 20 17 149 206 43 42 212 215 42 47 236 175 28 25
./positives/006/kringlan_3-1489165265.png 1 198 131 15 13
./positives/006/kringlan_3-1489165325.png 0
./positives/006/kringlan_3-1489165385.png 1 237 170 28 25
./positives/006/kringlan_3-1489165445.png 2 170 155 25 19 250 135 16 13
./positives/006/kringlan_3-1489165506.png 0
./positives/006/kringlan_3-1489165566.png 4 220 234 40 42 244 149 22 23 213 149 19 17 165 157 25 19
./positives/006/kringlan_3-1489165626.png 3 192 225 43 40 232 179 28 26 249 159 22 20
./positives/006/kringlan_3-1489165686.png 3 218 145 19 19 196 135 18 15 231 123 14 11
./positives/006/kringlan_3-1489165747.png 2 246 151 21 18 220 143 19 20
./positives/006/kringlan_3-1489165807.png 2 176 153 24 19 200 129 14 14
./positives/006/kringlan_3-1489165867.png 0
./positives/006/kringlan_3-1489169303.png 0
./positives/006/kringlan_3-1489169363.png 2 212 219 39 42 195 136 17 15
./positives/007/kringlan_3-1489222356.png 0
./positives/007/kringlan_3-1489222416.png 1 220 141 18 16
./positives/007/kringlan_3-1489223321.png 2 192 138 19 16 229 127 13 12
./positives/007/kringlan_3-1489223442.png 1 189 140 19 18
./positives/007/kringlan_3-1489223502.png 1 201 160 23 22
./positives/007/kringlan_3-1489223562.png 1 206 121 13 10
./positives/007/kringlan_3-1489223623.png 0
./positives/007/kringlan_3-1489223683.png 2 201 163 25 21 252 152 19 17
./positives/007/kringlan_3-1489223803.png 0
./positives/007/kringlan_3-1489223984.png 0
./positives/007/kringlan_3-1489224044.png 2 247 152 20 18 253 136 16 14
./positives/007/kringlan_3-1489224105.png 1 206 151 25 21
./positives/007/kringlan_3-1489224165.png 0
./positives/007/kringlan_3-1489224225.png 0
./positives/007/kringlan_3-1489224286.png 2 211 153 23 19 245 141 20 17
./positives/007/kringlan_3-1489224346.png 0
./positives/007/kringlan_3-1489224406.png 2 167 156 30 25 249 127 16 16
./positives/007/kringlan_3-1489224467.png 0
./positives/007/kringlan_3-1489224527.png 0
./positives/007/kringlan_3-1489224587.png 1 198 131 16 16
./positives/008/kringlan_3-1489224648.png 2 146 169 29 23 203 139 19 17
./positives/008/kringlan_3-1489224708.png 0
./positives/008/kringlan_3-1489224768.png 1 192 235 45 48
./positives/008/kringlan_3-1489224829.png 1 250 136 16 15
./positives/008/kringlan_3-1489224889.png 1 249 123 16 16
./positives/008/kringlan_3-1489224950.png 3 230 160 23 21 253 129 14 14 229 125 14 10
./positives/008/kringlan_3-1489225010.png 2 192 168 26 25 218 142 17 17
./positives/008/kringlan_3-1489225070.png 0
./positives/008/kringlan_3-1489225131.png 0
./positives/008/kringlan_3-1489225191.png 0
./positives/008/kringlan_3-1489225252.png 2 214 143 20 18 248 148 20 16
./positives/008/kringlan_3-1489225312.png 1 178 179 29 24
./positives/008/kringlan_3-1489225372.png 0
./positives/008/kringlan_3-1489225432.png 1 229 190 32 32
./positives/008/kringlan_3-1489225493.png 4 232 173 25 24 251 144 19 16 217 151 21 19 178 153 21 20
./positives/008/kringlan_3-1489225553.png 0
./positives/008/kringlan_3-1489225613.png 0
./positives/008/kringlan_3-1489225673.png 0
./positives/008/kringlan_3-1489225733.png 0
./positives/008/kringlan_3-1489225794.png 0
./positives/009/kringlan_3-1489239427.png 0
./positives/009/kringlan_3-1489239488.png 1 253 133 14 14
./positives/009/kringlan_3-1489239548.png 0
./positives/009/kringlan_3-1489239608.png 3 195 166 26 25 156 168 26 21 251 141 16 14
./positives/009/kringlan_3-1489239668.png 6 217 220 38 38 214 188 33 31 244 160 22 20 203 165 25 23 219 147 20 16 249 133 17 15
./positives/009/kringlan_3-1489239728.png 4 205 159 26 23 185 147 21 17 226 134 17 17 202 132 14 13
./positives/009/kringlan_3-1489239788.png 0
./positives/009/kringlan_3-1489239849.png 2 208 159 22 19 226 129 15 14
./positives/009/kringlan_3-1489239909.png 0
./positives/009/kringlan_3-1489239970.png 2 225 197 33 33 230 173 27 25
./positives/009/kringlan_3-1489240030.png 0
./positives/009/kringlan_3-1489240090.png 4 214 238 44 49 230 179 30 33 167 160 22 21 221 141 18 18
./positives/009/kringlan_3-1489240150.png 0
./positives/009/kringlan_3-1489240210.png 1 200 136 15 13
./positives/009/kringlan_3-1489240271.png 5 212 197 45 54 173 166 29 28 210 156 20 18 252 142 17 15 198 136 17 17
./positives/009/kringlan_3-1489240331.png 1 207 126 14 16
./positives/009/kringlan_3-1489240391.png 0
./positives/009/kringlan_3-1489240451.png 0
./positives/009/kringlan_3-1489240511.png 4 235 167 28 26 247 143 20 16 225 127 17 16 252 124 15 15
./positives/009/kringlan_3-1489240571.png 2 209 155 22 18 238 127 14 13
./positives/010/kringlan_3-1489307029.png 0
./positives/010/kringlan_3-1489307089.png 0
./positives/010/kringlan_3-1489307149.png 1 243 155 21 20
./positives/010/kringlan_3-1489307210.png 0
./positives/010/kringlan_3-1489307271.png 0
./positives/010/kringlan_3-1489307331.png 0
./positives/010/kringlan_3-1489307391.png 0
./positives/010/kringlan_3-1489307451.png 0
./positives/010/kringlan_3-1489307511.png 0
./positives/010/kringlan_3-1489307572.png 1 239 162 22 23
./positives/010/kringlan_3-1489307632.png 0
./positives/010/kringlan_3-1489307693.png 0
./positives/010/kringlan_3-1489307753.png 0
./positives/010/kringlan_3-1489307813.png 0
./positives/010/kringlan_3-1489307873.png 0
./positives/010/kringlan_3-1489307934.png 0
./positives/010/kringlan_3-1489307994.png 0
./positives/010/kringlan_3-1489308054.png 0
./positives/010/kringlan_3-1489308115.png 0
./positives/010/kringlan_3-1489308175.png 0
./positives/011/kringlan_3-1489308235.png 0
./positives/011/kringlan_3-1489308295.png 0
./positives/011/kringlan_3-1489308356.png 0
./positives/011/kringlan_3-1489308416.png 0
./positives/011/kringlan_3-1489308476.png 0
./positives/011/kringlan_3-1489308537.png 0
./positives/011/kringlan_3-1489308597.png 0
./positives/011/kringlan_3-1489308657.png 0
./positives/011/kringlan_3-1489308717.png 0
./positives/011/kringlan_3-1489308777.png 0
./positives/011/kringlan_3-1489308838.png 0
./positives/011/kringlan_3-1489308898.png 0
./positives/011/kringlan_3-1489308958.png 0
./positives/011/kringlan_3-1489309018.png 0
./positives/011/kringlan_3-1489309079.png 3 202 164 28 28 180 151 19 19 249 132 14 13
./positives/011/kringlan_3-1489309139.png 1 188 170 32 31
./positives/011/kringlan_3-1489309200.png 0
./positives/011/kringlan_3-1489309260.png 0
./positives/011/kringlan_3-1489309320.png 1 200 243 49 38
./positives/011/kringlan_3-1489309380.png 0
./positives/012/kringlan_3-1489309441.png 0
./positives/012/kringlan_3-1489309501.png 2 248 144 20 19 160 162 26 20
./positives/012/kringlan_3-1489309562.png 0
./positives/012/kringlan_3-1489309622.png 0
./positives/012/kringlan_3-1489309682.png 0
./positives/012/kringlan_3-1489309743.png 0
./positives/012/kringlan_3-1489309803.png 0
./positives/012/kringlan_3-1489309863.png 1 195 138 17 16
./positives/012/kringlan_3-1489309924.png 1 245 120 15 14
./positives/012/kringlan_3-1489309984.png 0
./positives/012/kringlan_3-1489320174.png 1 200 164 25 23
./positives/012/kringlan_3-1489320234.png 0
./positives/012/kringlan_3-1489320596.png 2 204 162 24 21 232 117 14 13
./positives/012/kringlan_3-1489321018.png 1 193 167 27 23
./positives/012/kringlan_3-1489321440.png 2 224 187 37 46 226 128 17 18
./positives/012/kringlan_3-1489321500.png 3 193 230 41 40 179 151 22 18 221 142 18 16
./positives/012/kringlan_3-1489321560.png 1 221 143 17 15
./positives/012/kringlan_3-1489321620.png 3 242 150 26 28 216 146 19 17 189 140 17 15
./positives/012/kringlan_3-1489322673.png 4 188 171 27 21 242 160 23 20 215 144 19 18 250 139 18 18
./positives/012/kringlan_3-1489334005.png 6 209 206 39 43 239 167 26 23 251 150 21 19 188 142 19 18 221 138 16 15 249 131 17 18
./positives/013/kringlan_3-1489334065.png 0
./positives/013/kringlan_3-1489334125.png 0
./positives/013/kringlan_3-1489334185.png 5 209 226 45 50 166 160 24 22 241 163 24 22 248 141 20 20 230 123 13 12
./positives/013/kringlan_3-1489334245.png 0
./positives/013/kringlan_3-1489334305.png 0
./positives/013/kringlan_3-1489334365.png 1 172 170 35 32
./positives/013/kringlan_3-1489334426.png 0
./positives/013/kringlan_3-1489334486.png 0
./positives/013/kringlan_3-1489334546.png 1 225 134 16 16
./positives/013/kringlan_3-1489334606.png 2 192 139 19 16 254 131 13 12
./positives/013/kringlan_3-1489334666.png 0
./positives/013/kringlan_3-1489334727.png 1 245 166 26 24
./positives/013/kringlan_3-1489334787.png 1 238 172 26 25
./positives/013/kringlan_3-1489334847.png 2 233 177 25 25 184 168 31 31
./positives/013/kringlan_3-1489334907.png 0
./positives/013/kringlan_3-1489334968.png 1 170 159 24 21
./positives/013/kringlan_3-1489335028.png 0
./positives/013/kringlan_3-1489335088.png 0
./positives/013/kringlan_3-1489335148.png 0
./positives/013/kringlan_3-1489335208.png 2 153 169 27 24 197 133 18 18
./positives/014/kringlan_3-1489335269.png 2 155 166 27 23 253 126 14 15
./positives/014/kringlan_3-1489335329.png 0
./positives/014/kringlan_3-1489335389.png 1 207 123 12 12
./positives/014/kringlan_3-1489335449.png 7 239 168 26 24 212 153 21 20 168 163 26 22 185 146 18 15 251 125 14 14 227 136 17 16 203 128 14 12
./positives/014/kringlan_3-1489335509.png 5 224 201 35 39 160 159 28 23 220 145 18 17 255 136 16 14 195 138 16 13
./positives/014/kringlan_3-1489335569.png 0
./positives/014/kringlan_3-1489335629.png 0
./positives/014/kringlan_3-1489335690.png 2 217 140 22 20 254 131 14 14
./positives/014/kringlan_3-1489335750.png 0
./positives/014/kringlan_3-1489335810.png 3 251 149 19 19 221 145 21 20 174 155 23 20
./positives/014/kringlan_3-1489335871.png 2 215 144 20 18 244 131 19 19
./positives/014/kringlan_3-1489335931.png 1 200 235 44 44
./positives/014/kringlan_3-1489336051.png 4 225 189 33 37 183 152 22 18 221 122 16 14 239 126 16 15
./positives/014/kringlan_3-1489336111.png 2 207 192 31 33 238 156 22 24
./positives/014/kringlan_3-1489336171.png 0
./positives/014/kringlan_3-1489340084.png 2 183 173 26 24 246 157 23 21
./positives/014/kringlan_3-1489340145.png 2 225 201 34 34 198 137 17 15
./positives/014/kringlan_3-1489340205.png 0
./positives/014/kringlan_3-1489340265.png 0
./positives/014/kringlan_3-1489340325.png 2 160 192 31 25 228 129 15 13
./positives/015/kringlan_3-1489148442.png 0
./positives/015/kringlan_3-1489149587.png 3 214 193 35 30 252 140 18 18 187 147 20 16
./positives/015/kringlan_3-1489232989.png 3 225 166 30 26 184 152 19 18 139 176 29 24
./positives/015/kringlan_3-1489234673.png 4 228 176 31 37 211 154 24 25 249 134 17 19 148 165 33 29
./positives/015/kringlan_3-1489235877.png 0
./positives/015/kringlan_3-1489238886.png 1 212 228 36 43
./positives/015/kringlan_3-1489241173.png 4 234 171 27 26 254 133 15 15 229 134 16 14 192 140 17 15
./positives/015/kringlan_3-1489242377.png 5 224 201 34 31 238 173 25 22 203 157 22 20 178 153 21 17 221 136 16 13
./positives/015/kringlan_3-1489242498.png 0
./positives/015/kringlan_3-1489243642.png 0
./positives/015/kringlan_3-1489244604.png 2 246 161 23 23 200 133 14 14
./positives/015/kringlan_3-1489245145.png 4 240 169 26 26 181 171 33 32 209 155 23 21 251 139 18 17
./positives/015/kringlan_3-1489340386.png 0
./positives/015/kringlan_3-1489340446.png 2 242 149 23 26 229 124 15 14
./positives/015/kringlan_3-1489390909.png 0
./positives/015/kringlan_3-1489391753.png 0
./positives/015/kringlan_3-1489393079.png 0
./positives/015/kringlan_3-1489393441.png 3 240 162 24 23 199 164 26 23 231 127 15 17
./positives/015/kringlan_3-1489393744.png 1 225 178 31 28
./positives/015/kringlan_3-1489396379.png 4 243 162 21 21 210 152 20 18 248 138 19 18 222 136 16 15
./positives/016/kringlan_3-1489476710.png 0
./positives/016/kringlan_3-1489477011.png 0
./positives/016/kringlan_3-1489477554.png 0
./positives/016/kringlan_3-1489477735.png 0
./positives/016/kringlan_3-1489477915.png 0
./positives/016/kringlan_3-1489478096.png 0
./positives/016/kringlan_3-1489508719.png 1 214 149 22 18
./positives/016/kringlan_3-1489508900.png 1 216 144 23 25
./positives/016/kringlan_3-1489509081.png 5 237 172 24 25 246 142 24 28 221 145 17 18 172 159 23 19 191 139 17 16
./positives/016/kringlan_3-1489509262.png 4 229 175 29 26 217 145 21 18 251 136 15 14 226 122 13 13
./positives/016/kringlan_3-1489516616.png 1 216 199 38 45
./positives/016/kringlan_3-1489516796.png 3 235 181 28 28 189 166 27 30 218 145 20 16
./positives/016/kringlan_3-1489516857.png 3 181 163 27 28 208 156 21 19 250 133 16 12
./positives/016/kringlan_3-1489517038.png 4 218 208 37 44 253 144 17 14 194 138 17 14 227 129 16 14
./positives/016/kringlan_3-1489563737.png 3 237 162 26 25 182 147 19 18 226 137 17 14
./positives/016/kringlan_3-1489563798.png 3 240 164 25 23 179 150 21 18 162 190 36 31
./positives/016/kringlan_3-1489563918.png 3 172 224 50 50 225 174 27 27 182 146 22 19
./positives/016/kringlan_3-1489563978.png 0
./positives/016/kringlan_3-1489564099.png 0
./positives/016/kringlan_3-1489564521.png 4 233 178 29 27 171 155 24 18 250 154 20 17 206 159 20 19
./positives/017/kringlan_3-1489653933.png 1 187 220 37 34
./positives/017/kringlan_3-1489653994.png 4 212 224 40 43 215 186 32 29 245 160 24 22 251 147 19 16
./positives/017/kringlan_3-1489654054.png 3 226 171 33 35 208 158 25 18 193 133 20 17
./positives/017/kringlan_3-1489659235.png 1 209 150 25 26
./positives/017/kringlan_3-1489660199.png 4 221 195 35 32 248 152 25 22 206 167 28 31 164 161 24 22
./positives/017/kringlan_3-1489660801.png 2 237 172 27 26 179 175 32 26
./positives/017/kringlan_3-1489660861.png 1 207 151 25 24
./positives/017/kringlan_3-1489660982.png 2 180 150 20 16 146 174 31 22
./positives/017/kringlan_3-1489661162.png 3 225 177 31 26 144 172 30 22 208 121 28 41
./positives/017/kringlan_3-1489661343.png 1 206 123 15 16
./positives/017/kringlan_3-1489661403.png 4 230 167 31 30 248 140 18 14 187 145 20 17 200 127 15 15
./positives/017/kringlan_3-1489661644.png 4 233 178 27 26 249 158 22 22 174 153 22 21 193 140 16 16
./positives/017/kringlan_3-1489662186.png 0
./positives/017/kringlan_3-1489663935.png 3 243 154 29 29 201 159 26 25 183 150 21 15
./positives/017/kringlan_3-1489664057.png 3 152 198 39 34 219 145 21 18 185 167 32 29
./positives/017/kringlan_3-1489664177.png 5 212 222 42 42 156 192 39 36 172 157 23 18 192 139 19 17 248 129 18 15
./positives/017/kringlan_3-1489664358.png 4 235 176 30 30 151 163 31 28 197 135 21 15 250 131 17 19
./positives/017/kringlan_3-1489664720.png 5 246 150 22 22 191 172 30 27 163 157 26 22 196 133 17 16 220 131 18 13
./positives/017/kringlan_3-1489665564.png 2 216 207 35 36 250 141 18 17
./positives/017/kringlan_3-1489665804.png 2 239 168 22 22 246 129 16 13
./positives/018/kringlan_3-1489149648.png 3 224 210 35 39 205 154 25 24 229 132 15 15
./positives/018/kringlan_3-1489665443.png 2 234 178 29 32 249 143 18 16
./positives/018/kringlan_3-1489668578.png 4 229 172 28 29 251 148 19 15 194 138 17 17 229 129 15 11
./positives/018/kringlan_3-1489668698.png 0
./positives/018/kringlan_3-1489668759.png 3 250 128 16 14 194 137 18 18 178 153 22 18
./positives/018/kringlan_3-1489668819.png 3 191 187 34 36 178 146 23 22 216 139 17 14
./positives/018/kringlan_3-1489669180.png 3 197 160 22 19 250 142 21 18 215 147 20 20
./positives/018/kringlan_3-1489669361.png 3 240 166 23 21 224 138 16 12 253 128 19 26
./positives/018/kringlan_3-1489669602.png 5 207 227 44 54 234 175 26 23 220 146 19 17 252 131 17 16 194 143 20 18
./positives/018/kringlan_3-1489669782.png 3 205 217 38 38 221 143 20 18 182 151 19 19
./positives/018/kringlan_3-1489670205.png 3 237 170 25 27 250 140 18 18 212 155 24 22
./positives/018/kringlan_3-1489670265.png 3 217 209 38 37 240 160 25 27 176 176 29 26
./positives/018/kringlan_3-1489670506.png 4 211 225 42 39 235 178 27 25 242 160 22 21 168 153 25 22
./positives/018/kringlan_3-1489671470.png 4 242 159 26 22 221 181 30 30 204 155 23 23 222 139 18 17
./positives/018/kringlan_3-1489671530.png 1 146 172 27 22
./positives/018/kringlan_3-1489671712.png 3 187 172 31 30 177 155 21 18 197 135 16 14
./positives/018/kringlan_3-1489671893.png 2 195 162 27 29 220 144 20 19
./positives/018/kringlan_3-1489672254.png 2 205 162 23 22 218 141 17 16
./positives/018/kringlan_3-1489672976.png 3 217 214 34 35 242 164 22 19 254 146 17 15
./positives/018/kringlan_3-1489673579.png 4 209 161 21 21 223 139 18 18 168 160 21 20 243 163 23 21
./positives/019/kringlan_3-1489674724.png 2 143 173 28 24 225 142 16 16
./positives/019/kringlan_3-1489674784.png 3 223 191 30 29 153 170 28 24 217 147 17 15
./positives/019/kringlan_3-1489675025.png 3 217 188 36 46 244 155 20 21 227 122 14 13
./positives/019/kringlan_3-1489675628.png 4 231 178 31 33 204 157 24 21 169 160 20 18 205 127 14 13
./positives/019/kringlan_3-1489675869.png 3 211 194 35 30 218 140 22 22 184 150 19 16
./positives/019/kringlan_3-1489822790.png 3 204 206 41 47 161 162 24 21 201 131 15 14
./positives/019/kringlan_3-1489826474.png 2 242 153 23 22 206 130 13 13
./positives/019/kringlan_3-1489826715.png 1 226 187 29 27
./positives/019/kringlan_3-1489827319.png 0
./positives/019/kringlan_3-1489827379.png 1 248 159 21 19
./positives/019/kringlan_3-1489827499.png 2 223 150 24 21 202 131 15 15
./positives/019/kringlan_3-1489828585.png 1 226 183 31 30
./positives/019/kringlan_3-1489828826.png 0
./positives/019/kringlan_3-1489828947.png 2 224 158 23 22 233 136 18 14
./positives/019/kringlan_3-1489829007.png 1 243 143 22 21
./positives/019/kringlan_3-1489855043.png 1 237 176 27 29
./positives/019/kringlan_3-1489855103.png 0
./positives/019/kringlan_3-1489855164.png 0
./positives/019/kringlan_3-1489855224.png 6 227 198 37 39 166 246 49 51 236 178 28 23 247 148 20 19 173 153 22 21 224 133 16 16
./positives/019/kringlan_3-1489855465.png 4 214 198 34 36 241 162 26 27 183 175 30 26 176 155 19 20
./positives/020/kringlan_3-1489854441.png 6 228 238 48 52 232 167 31 35 221 145 19 17 251 125 15 17 230 121 14 12 170 156 23 20
./positives/020/kringlan_3-1489854622.png 4 232 239 47 45 227 177 32 32 179 176 28 27 242 160 21 21
./positives/020/kringlan_3-1489854682.png 3 196 163 26 23 221 144 17 15 186 144 18 17
./positives/020/kringlan_3-1489854742.png 0
./positives/020/kringlan_3-1489854802.png 1 223 134 17 15
./positives/020/kringlan_3-1489854863.png 2 224 142 18 16 247 131 18 14
./positives/020/kringlan_3-1489854983.png 3 160 163 26 21 215 151 20 20 193 141 17 14
./positives/020/kringlan_3-1489855705.png 4 195 167 26 24 254 132 16 15 230 130 14 12 202 125 14 16
./positives/020/kringlan_3-1489855885.png 2 217 191 36 30 246 155 20 18
./positives/020/kringlan_3-1489855946.png 2 185 147 19 16 247 159 21 23
./positives/020/kringlan_3-1489856066.png 4 171 266 52 54 196 169 28 25 170 153 25 24 199 134 17 17
./positives/020/kringlan_3-1489856307.png 5 204 210 46 50 165 179 39 36 211 151 22 22 242 166 24 24 253 146 19 16
./positives/020/kringlan_3-1489856730.png 2 227 221 36 40 247 150 23 17
./positives/020/kringlan_3-1489856911.png 1 156 164 26 25
./positives/020/kringlan_3-1489856971.png 1 227 132 14 14
./positives/020/kringlan_3-1489857212.png 3 254 143 19 18 229 133 16 16 183 147 20 20
./positives/020/kringlan_3-1489857272.png 1 199 167 26 22
./positives/020/kringlan_3-1489857332.png 2 238 166 28 25 190 173 28 23
./positives/020/kringlan_3-1489857392.png 3 213 213 42 42 244 155 22 23 185 149 19 16
./positives/020/kringlan_3-1489857814.png 3 204 205 47 55 177 152 21 20 246 146 17 17
./positives/021/kringlan_3-1489739465.png 2 187 206 47 52 239 172 29 27
./positives/021/kringlan_3-1489739525.png 2 251 132 15 13 230 126 13 11
./positives/021/kringlan_3-1489739585.png 2 215 193 31 31 195 171 23 21
./positives/021/kringlan_3-1489739706.png 1 173 187 36 40
./positives/021/kringlan_3-1489739766.png 5 218 266 50 51 240 171 23 22 143 201 39 36 77 213 35 31 251 153 19 16
./positives/021/kringlan_3-1489739827.png 2 237 181 26 24 244 159 20 18
./positives/021/kringlan_3-1489739887.png 2 235 161 20 21 253 140 18 14
./positives/021/kringlan_3-1489739947.png 4 229 186 32 29 196 205 39 36 184 180 29 24 246 158 23 21
./positives/021/kringlan_3-1489740007.png 2 236 174 25 25 256 131 14 13
./positives/021/kringlan_3-1489740068.png 1 219 189 33 34
./positives/021/kringlan_3-1489740128.png 3 216 235 49 61 213 192 34 33 244 166 23 20
./positives/021/kringlan_3-1489740188.png 2 208 192 34 33 236 171 25 23
./positives/021/kringlan_3-1489740249.png 5 226 193 28 27 198 159 26 25 191 141 18 15 225 134 16 12 255 135 17 12
./positives/021/kringlan_3-1489740309.png 2 196 203 39 34 226 181 30 26
./positives/021/kringlan_3-1489740369.png 3 225 189 31 29 241 157 24 23 218 150 19 18
./positives/021/kringlan_3-1489740430.png 0
./positives/021/kringlan_3-1489740490.png 3 253 130 15 12 189 178 28 23 204 164 22 18
./positives/021/kringlan_3-1489740550.png 3 239 222 41 42 230 190 30 27 244 159 23 20
./positives/021/kringlan_3-1489740610.png 1 191 172 28 26
./positives/021/kringlan_3-1489740670.png 2 135 176 30 29 159 166 21 19
./positives/022/kringlan_3-1489742178.png 4 176 255 55 63 232 172 26 23 201 160 25 24 249 140 16 15
./positives/022/kringlan_3-1489743745.png 4 216 186 30 28 241 155 20 18 183 146 19 16 255 140 16 14
./positives/022/kringlan_3-1489743865.png 1 152 172 25 24
./positives/022/kringlan_3-1489743925.png 5 232 172 29 25 249 151 19 18 216 145 19 17 193 143 18 15 176 181 31 29
./positives/022/kringlan_3-1489743985.png 4 194 171 28 28 186 141 19 17 248 143 17 15 224 140 16 16
./positives/022/kringlan_3-1489744046.png 2 230 176 29 27 252 130 18 15
./positives/022/kringlan_3-1489744106.png 1 249 119 15 14
./positives/022/kringlan_3-1489744166.png 5 238 167 24 21 199 162 25 20 158 162 27 22 249 144 17 14 240 130 15 14
./positives/022/kringlan_3-1489765023.png 3 170 154 25 25 224 117 13 11 209 115 12 10
./positives/022/kringlan_3-1489765084.png 4 249 144 20 19 220 144 17 16 197 163 26 25 248 124 18 15
./positives/022/kringlan_3-1489765144.png 2 212 226 40 37 213 154 20 19
./positives/022/kringlan_3-1489765385.png 4 230 172 30 28 244 145 18 16 176 152 21 20 199 138 16 16
./positives/022/kringlan_3-1489765566.png 2 180 152 21 20 228 140 16 15
./positives/022/kringlan_3-1489766290.png 7 242 150 20 21 197 168 27 24 139 176 27 24 181 150 21 20 221 140 19 17 253 136 18 15 197 137 17 14
./positives/022/kringlan_3-1489766350.png 0
./positives/022/kringlan_3-1489766832.png 7 223 205 35 41 245 152 23 22 211 153 21 20 169 155 22 22 190 143 17 16 199 127 16 15 134 177 28 25
./positives/022/kringlan_3-1489766892.png 3 229 177 28 27 216 151 22 19 182 147 21 18
./positives/022/kringlan_3-1490037092.png 0
./positives/022/kringlan_3-1490037152.png 5 173 218 37 37 240 162 25 25 219 139 19 16 249 144 19 16 229 124 12 11
./positives/022/kringlan_3-1490037996.png 3 230 178 26 29 146 175 28 23 206 128 14 14
./positives/023/kringlan_3-1489757550.png 2 181 151 22 18 230 119 11 10
./positives/023/kringlan_3-1489757610.png 4 226 183 26 27 203 160 25 21 249 154 20 16 184 147 21 21
./positives/023/kringlan_3-1489757731.png 4 247 154 18 21 223 135 15 15 188 147 21 17 191 177 27 23
./positives/023/kringlan_3-1489757791.png 6 212 236 41 50 195 173 26 22 182 146 20 22 215 154 18 21 224 137 18 15 208 127 12 12
./positives/023/kringlan_3-1489757972.png 1 139 178 29 23
./positives/023/kringlan_3-1489758032.png 7 222 206 35 31 154 204 32 28 242 170 25 19 193 166 26 25 173 158 18 18 252 141 18 19 191 143 18 15
./positives/023/kringlan_3-1489944546.png 1 225 182 25 25
./positives/023/kringlan_3-1490006224.png 4 154 169 26 21 201 158 21 20 183 146 20 19 227 132 16 12
./positives/023/kringlan_3-1490006405.png 4 201 166 23 20 243 142 24 28 196 133 15 13 153 164 28 25
./positives/023/kringlan_3-1490006886.png 6 196 167 25 24 155 161 29 23 224 140 17 17 254 136 18 14 201 127 15 17 209 113 11 10
./positives/023/kringlan_3-1490007731.png 5 200 219 42 44 189 195 30 27 215 151 21 17 155 165 27 21 228 124 15 12
./positives/023/kringlan_3-1490008152.png 5 245 155 20 20 220 144 19 17 254 132 14 13 191 140 18 15 199 259 48 59
./positives/023/kringlan_3-1490027685.png 6 233 175 30 29 250 142 19 19 187 170 24 23 183 150 19 16 218 141 17 13 207 120 14 13
./positives/023/kringlan_3-1490027927.png 6 246 157 22 19 220 146 18 17 184 149 21 17 206 197 31 33 256 139 17 17 197 136 16 14
./positives/023/kringlan_3-1490028228.png 4 185 156 22 20 227 134 16 13 251 131 16 13 191 175 25 22
./positives/023/kringlan_3-1490028288.png 1 242 162 24 25
./positives/023/kringlan_3-1490028409.png 6 218 193 33 37 154 203 34 29 249 145 19 17 221 141 18 16 191 140 17 15 195 164 26 22
./positives/023/kringlan_3-1490028469.png 1 195 135 16 16
./positives/023/kringlan_3-1490028590.png 2 249 152 22 21 156 164 28 24
./positives/023/kringlan_3-1490032630.png 0
./positives/024/kringlan_3-1489756284.png 6 210 222 40 38 235 176 27 23 184 177 29 23 216 147 19 15 244 154 20 18 190 140 19 18
./positives/024/kringlan_3-1489756766.png 4 232 189 30 26 245 152 22 24 252 125 11 11 226 136 15 14
./positives/024/kringlan_3-1489757128.png 4 191 177 26 24 206 158 24 21 232 148 19 17 162 161 28 25
./positives/024/kringlan_3-1489757369.png 4 227 179 26 24 250 152 20 18 229 132 11 11 251 135 14 15
./positives/024/kringlan_3-1490030037.png 5 218 144 18 16 253 146 20 16 253 132 16 13 228 126 12 11 196 133 16 14
./positives/024/kringlan_3-1490030098.png 6 240 175 25 22 250 151 23 19 211 151 24 25 252 128 16 13 227 132 16 13 189 141 19 17
./positives/024/kringlan_3-1490030158.png 1 181 176 29 23
./positives/024/kringlan_3-1490030218.png 3 152 210 36 37 192 138 19 17 244 134 17 13
./positives/024/kringlan_3-1490030399.png 3 216 141 20 17 178 147 22 21 204 123 17 16
./positives/024/kringlan_3-1490030761.png 4 239 168 25 24 215 152 21 18 252 136 17 15 219 252 46 44
./positives/024/kringlan_3-1490032509.png 3 219 224 41 39 228 184 30 27 248 120 12 13
./positives/024/kringlan_3-1490032570.png 4 251 140 16 15 188 144 18 16 226 127 14 10 246 117 13 9
./positives/024/kringlan_3-1490032690.png 3 230 170 28 28 253 129 16 13 207 124 13 11
./positives/024/kringlan_3-1490032751.png 4 179 151 20 16 218 144 20 20 190 172 30 26 227 131 17 13
./positives/024/kringlan_3-1490036309.png 0
./positives/024/kringlan_3-1490036369.png 2 211 229 42 39 218 148 21 18
./positives/024/kringlan_3-1490036429.png 1 204 131 15 12
./positives/024/kringlan_3-1490036489.png 5 237 172 26 24 249 148 20 18 178 151 22 18 254 134 18 14 227 118 14 12
./positives/024/kringlan_3-1490036550.png 6 241 165 22 22 255 141 20 21 202 162 24 21 182 142 22 20 224 133 15 14 196 241 52 60
./positives/025/kringlan_3-1489658512.png 6 227 189 32 30 187 173 28 24 159 167 27 20 221 138 20 19 252 131 17 14 192 138 19 16
./positives/025/kringlan_3-1489658693.png 3 247 152 22 18 207 160 24 22 225 119 12 11
./positives/025/kringlan_3-1489658813.png 2 180 155 24 21 223 127 16 13
./positives/025/kringlan_3-1489658873.png 1 219 143 23 22
./positives/025/kringlan_3-1489659777.png 6 243 157 23 23 138 176 29 27 160 161 25 20 196 137 16 16 229 129 14 14 252 125 16 14
./positives/025/kringlan_3-1489659837.png 2 208 121 14 14 228 115 12 11
./positives/025/kringlan_3-1489659897.png 2 250 128 15 14 209 113 12 11
./positives/025/kringlan_3-1489659957.png 2 186 166 22 18 246 125 17 14
./positives/025/kringlan_3-1489660018.png 4 221 177 32 32 174 155 25 22 243 145 25 31 226 134 16 14
./positives/025/kringlan_3-1489660078.png 0
./positives/025/kringlan_3-1489670024.png 6 188 169 29 28 170 157 21 20 193 140 17 15 245 122 13 11 210 157 22 19 236 157 27 36
./positives/025/kringlan_3-1489670084.png 3 189 265 56 58 156 166 25 22 193 141 21 17
./positives/025/kringlan_3-1489670446.png 3 244 159 23 19 210 153 23 21 164 161 24 21
./positives/025/kringlan_3-1489670867.png 6 247 152 21 18 214 162 21 20 181 149 21 19 226 147 17 16 250 130 19 18 200 135 16 12
./positives/025/kringlan_3-1489671109.png 5 153 170 24 24 249 155 20 20 253 128 14 13 230 126 14 12 198 132 17 14
./positives/025/kringlan_3-1489672735.png 2 247 151 21 20 195 166 28 27
./positives/025/kringlan_3-1489673398.png 5 235 171 27 24 214 148 23 20 150 170 26 25 173 182 30 27 204 127 14 14
./positives/025/kringlan_3-1489747663.png 1 166 160 24 21
./positives/025/kringlan_3-1489747723.png 1 254 138 17 14
./positives/025/kringlan_3-1489747784.png 3 234 175 28 31 224 140 17 14 249 142 20 17
./positives/026/kringlan_3-1489657608.png 4 227 196 34 31 245 158 23 21 197 164 25 23 178 149 19 20
./positives/026/kringlan_3-1489657668.png 5 221 201 32 34 244 145 23 27 169 158 22 21 220 146 19 18 206 124 13 12
./positives/026/kringlan_3-1489657849.png 4 218 183 31 28 177 181 31 28 203 120 15 17 249 125 17 17
./positives/026/kringlan_3-1489657969.png 0
./positives/026/kringlan_3-1489658030.png 6 221 224 38 42 219 183 33 32 209 150 23 23 251 137 18 15 141 176 29 24 233 164 24 21
./positives/026/kringlan_3-1489658090.png 3 252 122 16 16 227 129 16 15 200 129 15 16
./positives/026/kringlan_3-1489658210.png 2 210 143 19 17 249 126 19 24
./positives/026/kringlan_3-1489658270.png 4 210 236 52 59 222 152 21 25 251 122 14 13 203 123 16 14
./positives/026/kringlan_3-1489658331.png 4 232 134 19 19 247 121 15 13 197 130 17 19 207 115 12 13
./positives/026/kringlan_3-1489659415.png 2 251 134 17 16 182 141 22 22
./positives/026/kringlan_3-1489659476.png 4 242 155 23 22 249 132 16 13 223 130 15 15 207 120 13 14
./positives/026/kringlan_3-1489659536.png 2 234 180 28 27 226 129 18 16
./positives/026/kringlan_3-1489659596.png 4 227 179 36 35 248 125 15 14 228 129 17 19 202 127 16 13
./positives/026/kringlan_3-1489659656.png 3 202 157 26 23 189 143 17 16 245 133 19 16
./positives/026/kringlan_3-1489748810.png 5 224 189 35 43 184 151 20 17 249 137 19 19 227 125 15 14 202 135 15 13
./positives/026/kringlan_3-1489749232.png 3 237 166 27 24 203 167 24 22 186 144 19 17
./positives/026/kringlan_3-1489749653.png 5 196 175 26 21 188 144 19 18 142 168 30 29 228 127 12 11 246 123 27 41
./positives/026/kringlan_3-1489749834.png 7 230 189 29 27 244 151 22 23 227 123 14 14 187 144 19 17 219 148 17 15 200 162 25 23 162 233 42 36
./positives/026/kringlan_3-1489750076.png 3 238 171 26 22 254 138 16 15 187 141 22 19
./positives/026/kringlan_3-1489750256.png 3 233 173 28 23 218 144 17 16 251 140 18 18
