./positives/001/kringlan_3-1489133369.png 4 41 332 95 90 68 250 62 50 101 189 40 33 154 167 24 20
./positives/001/kringlan_3-1489133429.png 2 17 222 69 57 120 187 34 25
./positives/001/kringlan_3-1489133489.png 1 182 228 47 40
./positives/001/kringlan_3-1489133550.png 2 154 240 57 51 165 132 38 43
./positives/001/kringlan_3-1489133610.png 4 164 230 49 47 137 208 40 31 95 197 37 29 146 170 26 21
./positives/001/kringlan_3-1489133670.png 0
./positives/001/kringlan_3-1489133730.png 3 154 192 40 34 192 238 50 51 161 160 24 20
./positives/001/kringlan_3-1489133791.png 3 183 229 57 65 202 159 24 20 174 153 22 17
./positives/001/kringlan_3-1489133851.png 4 45 213 56 48 109 193 37 30 143 174 32 23 172 156 22 19
./positives/001/kringlan_3-1489133911.png 7 11 239 62 42 64 214 46 35 109 223 49 40 61 268 60 51 155 190 40 33 115 143 57 66 187 174 25 24
./positives/001/kringlan_3-1489133972.png 7 98 290 76 72 15 282 71 64 18 232 58 45 67 208 46 35 117 187 32 25 144 154 32 35 172 180 38 40
./positives/001/kringlan_3-1489134032.png 6 76 294 86 89 128 213 40 36 94 199 39 31 209 180 38 39 174 182 32 26 148 167 27 24
./positives/001/kringlan_3-1489134092.png 2 160 227 51 59 130 179 34 27
./positives/001/kringlan_3-1489134153.png 3 39 218 56 48 145 194 45 38 144 171 28 22
./positives/001/kringlan_3-1489134213.png 3 99 196 40 30 149 201 39 32 146 173 29 22
./positives/001/kringlan_3-1489134273.png 4 61 317 89 82 66 242 66 58 159 239 52 51 179 175 30 30
./positives/001/kringlan_3-1489134333.png 5 155 303 64 75 158 226 56 53 107 213 47 47 99 195 38 27 153 165 29 25
./positives/001/kringlan_3-1489134454.png 5 0 272 78 80 137 251 61 62 155 185 35 35 189 173 26 24 170 154 24 20
./positives/001/kringlan_3-1489134574.png 7 31 323 117 116 115 269 67 58 46 224 52 38 128 210 44 35 109 193 35 28 150 170 29 22 186 173 29 26
./positives/001/kringlan_3-1489134634.png 6 45 263 60 50 37 219 57 43 159 220 45 49 98 194 36 29 141 173 30 25 169 154 26 21
./positives/002/kringlan_3-1489134694.png 1 214 165 28 23
./positives/002/kringlan_3-1489134755.png 4 35 228 52 42 105 197 38 28 130 177 33 25 159 157 28 23
./positives/002/kringlan_3-1489134815.png 4 8 285 83 65 93 235 56 46 109 195 36 29 144 176 29 23
./positives/002/kringlan_3-1489134876.png 3 16 213 113 126 141 200 42 35 136 180 30 22
./positives/002/kringlan_3-1489134936.png 5 119 223 45 37 63 211 47 36 110 187 40 27 154 189 42 37 165 158 28 20
./positives/002/kringlan_3-1489134996.png 3 46 337 93 86 205 256 57 69 204 196 40 39
./positives/002/kringlan_3-1489135057.png 10 117 263 69 63 137 337 78 93 84 242 55 46 23 230 54 42 85 189 45 37 135 211 42 32 213 196 35 35 161 184 38 33 143 173 29 22 195 167 25 21
./positives/002/kringlan_3-1489135117.png 4 193 277 72 90 54 216 45 37 141 198 46 44 126 174 37 30
./positives/002/kringlan_3-1489135177.png 3 181 290 58 68 64 246 59 56 103 192 39 30
./positives/002/kringlan_3-1489144885.png 0
./positives/002/kringlan_3-1489144945.png 1 178 146 24 24
./positives/002/kringlan_3-1489145005.png 1 150 165 52 63
./positives/002/kringlan_3-1489145065.png 0
./positives/002/kringlan_3-1489145126.png 1 26 225 62 51
./positives/002/kringlan_3-1489145367.png 2 106 227 49 42 181 266 64 78
./positives/002/kringlan_3-1489160923.png 1 109 185 35 31
./positives/002/kringlan_3-1489160983.png 5 30 277 72 59 75 205 42 32 130 357 91 96 218 220 45 54 192 170 27 22
./positives/002/kringlan_3-1489161044.png 0
./positives/002/kringlan_3-1489161104.png 6 22 263 83 74 108 232 49 42 183 221 44 38 75 203 45 38 32 233 50 44 178 280 74 85
./positives/002/kringlan_3-1489161164.png 1 20 239 54 45
./positives/003/kringlan_3-1489161225.png 1 12 241 60 46
./positives/003/kringlan_3-1489161285.png 6 93 234 56 45 14 239 58 42 183 259 56 72 124 185 29 24 168 179 36 32 167 159 25 19
./positives/003/kringlan_3-1489161345.png 0
./positives/003/kringlan_3-1489161405.png 0
./positives/003/kringlan_3-1489161466.png 3 55 208 48 43 120 194 54 62 145 167 33 27
./positives/003/kringlan_3-1489161526.png 0
./positives/003/kringlan_3-1489161586.png 0
./positives/003/kringlan_3-1489161647.png 6 8 242 54 43 70 256 60 53 77 207 42 33 123 181 35 30 176 185 31 26 191 216 39 39
./positives/003/kringlan_3-1489161707.png 0
./positives/003/kringlan_3-1489161767.png 2 47 217 50 45 96 186 42 37
./positives/003/kringlan_3-1489161828.png 1 0 247 66 50
./positives/003/kringlan_3-1489161888.png 0
./positives/003/kringlan_3-1489161948.png 0
./positives/003/kringlan_3-1489162009.png 3 115 276 74 72 78 207 42 34 156 168 26 19
./positives/003/kringlan_3-1489162069.png 2 98 225 50 42 201 209 37 32
./positives/003/kringlan_3-1489162129.png 0
./positives/003/kringlan_3-1489162189.png 3 157 299 78 98 100 268 73 75 111 192 38 28
./positives/003/kringlan_3-1489162249.png 0
./positives/003/kringlan_3-1489162310.png 0
./positives/003/kringlan_3-1489162370.png 2 105 191 34 29 163 159 29 22
./positives/004/kringlan_3-1489162431.png 2 59 218 49 37 135 176 29 22
./positives/004/kringlan_3-1489162491.png 1 114 224 50 49
./positives/004/kringlan_3-1489162551.png 4 85 229 63 55 80 202 42 37 138 171 32 27 195 235 44 43
./positives/004/kringlan_3-1489162612.png 2 137 212 40 37 183 176 29 24
./positives/004/kringlan_3-1489162672.png 0
./positives/004/kringlan_3-1489162732.png 4 121 217 44 38 80 207 43 35 133 179 30 23 194 167 29 23
./positives/004/kringlan_3-1489162792.png 2 109 250 47 47 173 177 33 30
./positives/004/kringlan_3-1489162852.png 1 157 326 78 82
./positives/004/kringlan_3-1489162913.png 5 33 251 80 71 73 207 48 40 138 176 29 23 172 183 37 32 202 193 46 64
./positives/004/kringlan_3-1489162973.png 3 152 204 37 31 121 182 37 31 166 162 23 20
./positives/004/kringlan_3-1489163033.png 1 191 251 50 53
./positives/004/kringlan_3-1489163093.png 4 18 327 86 95 79 202 49 38 151 188 40 34 190 167 29 22
./positives/004/kringlan_3-1489163154.png 1 83 196 45 43
./positives/004/kringlan_3-1489163214.png 4 30 337 97 94 14 219 71 58 203 189 34 35 182 176 29 22
./positives/004/kringlan_3-1489163275.png 2 172 175 33 31 178 276 57 61
./positives/004/kringlan_3-1489163335.png 0
./positives/004/kringlan_3-1489163396.png 0
./positives/004/kringlan_3-1489163456.png 4 156 195 36 30 129 181 33 25 178 305 70 76 157 167 23 19
./positives/004/kringlan_3-1489163516.png 0
./positives/004/kringlan_3-1489163576.png 0
./positives/005/kringlan_3-1489163637.png 2 178 283 59 67 129 210 43 38
./positives/005/kringlan_3-1489163697.png 0
./positives/005/kringlan_3-1489163757.png 0
./positives/005/kringlan_3-1489163818.png 1 157 191 33 27
./positives/005/kringlan_3-1489163879.png 0
./positives/005/kringlan_3-1489163939.png 0
./positives/005/kringlan_3-1489163999.png 3 50 311 98 95 50 217 52 45 135 199 49 46
./positives/005/kringlan_3-1489164059.png 0
./positives/005/kringlan_3-1489164119.png 0
./positives/005/kringlan_3-1489164180.png 3 137 288 74 84 85 184 54 53 160 161 27 23
./positives/005/kringlan_3-1489164240.png 5 70 252 60 51 40 225 51 37 148 249 64 60 107 185 39 34 127 353 87 93
./positives/005/kringlan_3-1489164300.png 0
./positives/005/kringlan_3-1489164360.png 3 19 225 63 55 101 197 42 31 151 165 26 22
./positives/005/kringlan_3-1489164420.png 2 156 317 75 84 122 201 51 47
./positives/005/kringlan_3-1489164481.png 0
./positives/005/kringlan_3-1489164541.png 4 98 228 56 50 52 213 53 43 128 176 32 28 166 160 27 23
./positives/005/kringlan_3-1489164601.png 1 131 306 72 81
./positives/005/kringlan_3-1489164661.png 0
./positives/005/kringlan_3-1489164721.png 0
./positives/005/kringlan_3-1489164782.png 0
./positives/006/kringlan_3-1489164842.png 3 196 251 53 51 97 191 40 35 150 164 30 24
./positives/006/kringlan_3-1489164902.png 4 8 290 75 66 27 207 68 66 189 295 67 77 139 175 30 23
./positives/006/kringlan_3-1489164963.png 0
./positives/006/kringlan_3-1489165023.png 3 43 249 71 64 153 194 36 31 130 174 34 31
./positives/006/kringlan_3-1489165083.png 2 33 264 71 54 85 193 47 43
./positives/006/kringlan_3-1489165144.png 0
./positives/006/kringlan_3-1489165204.png 1 133 180 31 22
./positives/006/kringlan_3-1489165265.png 0
./positives/006/kringlan_3-1489165325.png 0
./positives/006/kringlan_3-1489165385.png 1 0 330 99 87
./positives/006/kringlan_3-1489165445.png 1 103 196 38 27
./positives/006/kringlan_3-1489165506.png 0
./positives/006/kringlan_3-1489165566.png 4 156 302 84 114 113 208 49 36 199 190 42 45 165 158 25 18
./positives/006/kringlan_3-1489165626.png 2 192 226 43 38 114 365 94 88
./positives/006/kringlan_3-1489165686.png 1 189 199 35 30
./positives/006/kringlan_3-1489165747.png 1 138 173 34 28
./positives/006/kringlan_3-1489165807.png 2 179 277 64 69 93 192 46 41
./positives/006/kringlan_3-1489165867.png 0
./positives/006/kringlan_3-1489169303.png 0
./positives/006/kringlan_3-1489169363.png 1 154 321 80 99
./positives/007/kringlan_3-1489222356.png 0
./positives/007/kringlan_3-1489222416.png 0
./positives/007/kringlan_3-1489223321.png 0
./positives/007/kringlan_3-1489223442.png 1 76 241 58 53
./positives/007/kringlan_3-1489223502.png 1 159 186 33 29
./positives/007/kringlan_3-1489223562.png 1 100 212 133 202
./positives/007/kringlan_3-1489223623.png 0
./positives/007/kringlan_3-1489223683.png 0
./positives/007/kringlan_3-1489223803.png 0
./positives/007/kringlan_3-1489223984.png 0
./positives/007/kringlan_3-1489224044.png 0
./positives/007/kringlan_3-1489224105.png 0
./positives/007/kringlan_3-1489224165.png 0
./positives/007/kringlan_3-1489224225.png 0
./positives/007/kringlan_3-1489224286.png 0
./positives/007/kringlan_3-1489224346.png 0
./positives/007/kringlan_3-1489224406.png 3 77 242 57 47 191 275 58 67 167 157 28 25
./positives/007/kringlan_3-1489224467.png 0
./positives/007/kringlan_3-1489224527.png 1 83 209 43 37
./positives/007/kringlan_3-1489224587.png 0
./positives/008/kringlan_3-1489224648.png 1 147 170 26 21
./positives/008/kringlan_3-1489224708.png 0
./positives/008/kringlan_3-1489224768.png 1 191 236 46 47
./positives/008/kringlan_3-1489224829.png 1 82 315 87 76
./positives/008/kringlan_3-1489224889.png 0
./positives/008/kringlan_3-1489224950.png 2 182 231 51 55 149 164 32 28
./positives/008/kringlan_3-1489225010.png 0
./positives/008/kringlan_3-1489225070.png 1 37 231 53 41
./positives/008/kringlan_3-1489225131.png 0
./positives/008/kringlan_3-1489225191.png 1 132 178 30 24
./positives/008/kringlan_3-1489225252.png 1 150 184 38 31
./positives/008/kringlan_3-1489225312.png 1 178 179 29 22
./positives/008/kringlan_3-1489225372.png 0
./positives/008/kringlan_3-1489225432.png 0
./positives/008/kringlan_3-1489225493.png 0
./positives/008/kringlan_3-1489225553.png 0
./positives/008/kringlan_3-1489225613.png 0
./positives/008/kringlan_3-1489225673.png 0
./positives/008/kringlan_3-1489225733.png 0
./positives/008/kringlan_3-1489225794.png 0
./positives/009/kringlan_3-1489239427.png 0
./positives/009/kringlan_3-1489239488.png 1 81 183 56 54
./positives/009/kringlan_3-1489239548.png 0
./positives/009/kringlan_3-1489239608.png 3 58 217 52 44 155 168 26 19 196 167 26 22
./positives/009/kringlan_3-1489239668.png 6 25 335 102 104 24 235 57 43 127 218 40 37 122 190 33 27 214 189 33 29 156 162 27 26
./positives/009/kringlan_3-1489239728.png 1 74 207 45 39
./positives/009/kringlan_3-1489239788.png 0
./positives/009/kringlan_3-1489239849.png 2 50 185 78 72 134 183 30 24
./positives/009/kringlan_3-1489239909.png 0
./positives/009/kringlan_3-1489239970.png 1 168 266 58 68
./positives/009/kringlan_3-1489240030.png 0
./positives/009/kringlan_3-1489240090.png 4 110 266 77 84 35 271 70 59 131 210 42 34 166 160 24 19
./positives/009/kringlan_3-1489240150.png 0
./positives/009/kringlan_3-1489240210.png 2 73 213 52 36 143 177 28 23
./positives/009/kringlan_3-1489240271.png 2 14 283 75 62 116 192 35 26
./positives/009/kringlan_3-1489240331.png 0
./positives/009/kringlan_3-1489240391.png 0
./positives/009/kringlan_3-1489240451.png 0
./positives/009/kringlan_3-1489240511.png 4 199 220 46 49 100 230 51 41 108 194 37 27 176 134 32 33
./positives/009/kringlan_3-1489240571.png 4 42 264 66 54 58 225 52 39 125 186 31 27 159 163 24 18
./positives/010/kringlan_3-1489307029.png 0
./positives/010/kringlan_3-1489307089.png 0
./positives/010/kringlan_3-1489307149.png 0
./positives/010/kringlan_3-1489307210.png 0
./positives/010/kringlan_3-1489307271.png 0
./positives/010/kringlan_3-1489307331.png 0
./positives/010/kringlan_3-1489307391.png 0
./positives/010/kringlan_3-1489307451.png 0
./positives/010/kringlan_3-1489307511.png 0
./positives/010/kringlan_3-1489307572.png 0
./positives/010/kringlan_3-1489307632.png 0
./positives/010/kringlan_3-1489307693.png 0
./positives/010/kringlan_3-1489307753.png 1 150 194 37 32
./positives/010/kringlan_3-1489307813.png 0
./positives/010/kringlan_3-1489307873.png 0
./positives/010/kringlan_3-1489307934.png 0
./positives/010/kringlan_3-1489307994.png 0
./positives/010/kringlan_3-1489308054.png 0
./positives/010/kringlan_3-1489308115.png 0
./positives/010/kringlan_3-1489308175.png 0
./positives/011/kringlan_3-1489308235.png 1 136 199 47 46
./positives/011/kringlan_3-1489308295.png 0
./positives/011/kringlan_3-1489308356.png 1 121 202 114 184
./positives/011/kringlan_3-1489308416.png 0
./positives/011/kringlan_3-1489308476.png 0
./positives/011/kringlan_3-1489308537.png 0
./positives/011/kringlan_3-1489308597.png 0
./positives/011/kringlan_3-1489308657.png 0
./positives/011/kringlan_3-1489308717.png 0
./positives/011/kringlan_3-1489308777.png 0
./positives/011/kringlan_3-1489308838.png 0
./positives/011/kringlan_3-1489308898.png 0
./positives/011/kringlan_3-1489308958.png 0
./positives/011/kringlan_3-1489309018.png 1 215 150 49 67
./positives/011/kringlan_3-1489309079.png 0
./positives/011/kringlan_3-1489309139.png 0
./positives/011/kringlan_3-1489309200.png 0
./positives/011/kringlan_3-1489309260.png 0
./positives/011/kringlan_3-1489309320.png 1 203 236 45 47
./positives/011/kringlan_3-1489309380.png 0
./positives/012/kringlan_3-1489309441.png 0
./positives/012/kringlan_3-1489309501.png 1 161 163 24 19
./positives/012/kringlan_3-1489309562.png 0
./positives/012/kringlan_3-1489309622.png 0
./positives/012/kringlan_3-1489309682.png 0
./positives/012/kringlan_3-1489309743.png 0
./positives/012/kringlan_3-1489309803.png 0
./positives/012/kringlan_3-1489309863.png 1 144 197 36 33
./positives/012/kringlan_3-1489309924.png 0
./positives/012/kringlan_3-1489309984.png 0
./positives/012/kringlan_3-1489320174.png 1 94 240 58 45
./positives/012/kringlan_3-1489320234.png 0
./positives/012/kringlan_3-1489320596.png 1 204 163 24 19
./positives/012/kringlan_3-1489321018.png 1 195 168 22 19
./positives/012/kringlan_3-1489321440.png 2 32 278 68 61 130 179 33 24
./positives/012/kringlan_3-1489321500.png 0
./positives/012/kringlan_3-1489321560.png 0
./positives/012/kringlan_3-1489321620.png 3 8 238 75 64 100 192 40 34 155 200 37 29
./positives/012/kringlan_3-1489322673.png 0
./positives/012/kringlan_3-1489334005.png 2 14 276 78 71 141 173 30 23
./positives/013/kringlan_3-1489334065.png 0
./positives/013/kringlan_3-1489334125.png 0
./positives/013/kringlan_3-1489334185.png 3 31 229 56 43 209 226 44 50 167 161 22 18
./positives/013/kringlan_3-1489334245.png 0
./positives/013/kringlan_3-1489334305.png 0
./positives/013/kringlan_3-1489334365.png 2 146 322 78 87 172 171 34 29
./positives/013/kringlan_3-1489334426.png 0
./positives/013/kringlan_3-1489334486.png 0
./positives/013/kringlan_3-1489334546.png 0
./positives/013/kringlan_3-1489334606.png 3 65 203 50 46 143 171 32 27 185 178 31 24
./positives/013/kringlan_3-1489334666.png 0
./positives/013/kringlan_3-1489334727.png 1 181 277 58 62
./positives/013/kringlan_3-1489334787.png 1 135 349 85 103
./positives/013/kringlan_3-1489334847.png 1 185 169 30 28
./positives/013/kringlan_3-1489334907.png 0
./positives/013/kringlan_3-1489334968.png 1 169 160 24 19
./positives/013/kringlan_3-1489335028.png 2 60 251 59 51 148 195 39 34
./positives/013/kringlan_3-1489335088.png 0
./positives/013/kringlan_3-1489335148.png 0
./positives/013/kringlan_3-1489335208.png 1 153 170 29 22
./positives/014/kringlan_3-1489335269.png 1 155 167 27 21
./positives/014/kringlan_3-1489335329.png 0
./positives/014/kringlan_3-1489335389.png 0
./positives/014/kringlan_3-1489335449.png 1 160 219 50 53
./positives/014/kringlan_3-1489335509.png 4 71 255 54 51 130 338 85 98 55 216 47 35 161 160 27 21
./positives/014/kringlan_3-1489335569.png 0
./positives/014/kringlan_3-1489335629.png 0
./positives/014/kringlan_3-1489335690.png 0
./positives/014/kringlan_3-1489335750.png 0
./positives/014/kringlan_3-1489335810.png 2 68 186 57 60 139 175 33 26
./positives/014/kringlan_3-1489335871.png 2 114 227 50 40 26 226 56 47
./positives/014/kringlan_3-1489335931.png 1 202 235 40 43
./positives/014/kringlan_3-1489336051.png 2 19 267 71 67 128 292 69 67
./positives/014/kringlan_3-1489336111.png 0
./positives/014/kringlan_3-1489336171.png 0
./positives/014/kringlan_3-1489340084.png 3 192 253 45 51 201 210 37 34 183 174 27 20
./positives/014/kringlan_3-1489340145.png 0
./positives/014/kringlan_3-1489340205.png 0
./positives/014/kringlan_3-1489340265.png 1 141 347 90 105
./positives/014/kringlan_3-1489340325.png 1 160 192 36 24
./positives/015/kringlan_3-1489148442.png 0
./positives/015/kringlan_3-1489149587.png 5 20 281 73 61 178 287 62 64 4 243 66 52 94 197 38 32 135 174 30 22
./positives/015/kringlan_3-1489232989.png 4 17 279 70 61 153 293 73 85 122 223 44 36 138 177 29 23
./positives/015/kringlan_3-1489234673.png 2 61 254 63 54 148 165 31 29
./positives/015/kringlan_3-1489235877.png 0
./positives/015/kringlan_3-1489238886.png 2 72 200 48 46 179 183 32 25
./positives/015/kringlan_3-1489241173.png 0
./positives/015/kringlan_3-1489242377.png 2 0 284 80 70 87 207 39 31
./positives/015/kringlan_3-1489242498.png 0
./positives/015/kringlan_3-1489243642.png 1 93 192 46 41
./positives/015/kringlan_3-1489244604.png 0
./positives/015/kringlan_3-1489245145.png 2 37 231 53 41 136 250 59 60
./positives/015/kringlan_3-1489340386.png 0
./positives/015/kringlan_3-1489340446.png 3 68 242 60 56 143 199 39 28 164 138 39 40
./positives/015/kringlan_3-1489390909.png 0
./positives/015/kringlan_3-1489391753.png 3 201 236 48 52 136 211 43 33 111 184 41 35
./positives/015/kringlan_3-1489393079.png 0
./positives/015/kringlan_3-1489393441.png 4 18 280 78 61 113 276 72 66 89 194 43 36 142 196 44 35
./positives/015/kringlan_3-1489393744.png 3 86 278 79 80 187 224 45 42 138 201 46 42
./positives/015/kringlan_3-1489396379.png 2 39 259 76 66 170 178 34 31
./positives/016/kringlan_3-1489476710.png 1 48 327 87 85
./positives/016/kringlan_3-1489477011.png 1 112 283 68 64
./positives/016/kringlan_3-1489477554.png 1 21 262 82 82
./positives/016/kringlan_3-1489477735.png 3 13 286 78 66 23 237 51 43 87 206 44 34
./positives/016/kringlan_3-1489477915.png 2 0 243 64 49 19 358 107 95
./positives/016/kringlan_3-1489478096.png 4 0 294 81 76 13 237 64 51 82 241 57 45 189 225 43 42
./positives/016/kringlan_3-1489508719.png 1 33 237 50 38
./positives/016/kringlan_3-1489508900.png 5 6 235 62 48 133 298 63 63 158 240 51 44 90 201 41 31 151 171 25 21
./positives/016/kringlan_3-1489509081.png 3 92 297 82 74 103 227 50 44 123 176 38 34
./positives/016/kringlan_3-1489509262.png 1 178 178 32 25
./positives/016/kringlan_3-1489516616.png 1 61 215 50 43
./positives/016/kringlan_3-1489516796.png 3 88 298 76 68 11 226 67 60 188 167 28 27
./positives/016/kringlan_3-1489516857.png 3 86 230 61 56 158 232 54 53 181 164 30 25
./positives/016/kringlan_3-1489517038.png 3 15 260 84 74 15 233 62 49 184 282 59 67
./positives/016/kringlan_3-1489563737.png 3 38 261 71 70 192 281 63 73 138 173 32 28
./positives/016/kringlan_3-1489563798.png 3 30 274 70 64 107 357 90 98 164 191 31 27
./positives/016/kringlan_3-1489563918.png 5 32 259 78 71 30 233 55 41 172 224 48 49 133 355 93 98 138 175 32 27
./positives/016/kringlan_3-1489563978.png 2 75 211 42 34 181 274 56 55
./positives/016/kringlan_3-1489564099.png 5 63 257 61 54 27 232 55 42 110 221 48 42 82 208 42 29 176 218 52 52
./positives/016/kringlan_3-1489564521.png 4 116 272 65 60 138 343 81 90 45 220 55 45 150 201 38 31
./positives/017/kringlan_3-1489653933.png 6 13 337 116 110 45 264 64 54 146 257 56 56 103 228 48 40 51 226 54 43 186 217 40 38
./positives/017/kringlan_3-1489653994.png 2 48 249 76 61 215 185 33 32
./positives/017/kringlan_3-1489654054.png 6 195 281 64 74 104 218 54 48 3 246 59 49 152 199 38 31 126 182 34 28 179 173 33 31
./positives/017/kringlan_3-1489659235.png 3 17 260 80 76 69 212 50 51 149 171 29 21
./positives/017/kringlan_3-1489660199.png 3 28 280 69 60 72 209 46 38 164 161 23 21
./positives/017/kringlan_3-1489660801.png 2 8 288 80 70 83 204 41 33
./positives/017/kringlan_3-1489660861.png 1 185 213 45 38
./positives/017/kringlan_3-1489660982.png 2 52 206 58 52 198 196 41 42
./positives/017/kringlan_3-1489661162.png 4 62 312 80 80 80 206 43 36 145 197 47 39 145 172 29 24
./positives/017/kringlan_3-1489661343.png 3 83 242 58 47 13 242 55 44 82 161 64 68
./positives/017/kringlan_3-1489661403.png 1 139 171 32 24
./positives/017/kringlan_3-1489661644.png 3 164 303 64 74 127 260 65 59 101 231 55 40
./positives/017/kringlan_3-1489662186.png 3 34 275 120 140 94 222 61 56 105 195 41 30
./positives/017/kringlan_3-1489663935.png 3 61 297 73 69 11 222 70 61 154 168 29 23
./positives/017/kringlan_3-1489664057.png 3 66 232 71 63 153 236 58 63 153 199 37 31
./positives/017/kringlan_3-1489664177.png 3 59 286 98 91 76 205 78 85 156 191 39 38
./positives/017/kringlan_3-1489664358.png 2 60 249 79 75 92 197 40 35
./positives/017/kringlan_3-1489664720.png 4 142 228 49 45 57 220 52 38 122 177 39 32 191 173 30 25
./positives/017/kringlan_3-1489665564.png 5 161 270 61 64 21 252 58 43 97 202 40 30 154 200 36 30 136 174 29 23
./positives/017/kringlan_3-1489665804.png 1 50 209 50 47
./positives/018/kringlan_3-1489149648.png 2 55 257 69 58 170 227 50 43
./positives/018/kringlan_3-1489665443.png 3 75 207 42 38 186 165 30 32 195 266 54 50
./positives/018/kringlan_3-1489668578.png 1 26 228 55 50
./positives/018/kringlan_3-1489668698.png 3 52 265 65 55 164 241 57 53 178 183 29 25
./positives/018/kringlan_3-1489668759.png 3 8 287 84 85 88 203 40 30 191 189 34 32
./positives/018/kringlan_3-1489668819.png 2 86 193 51 42 164 233 50 48
./positives/018/kringlan_3-1489669180.png 4 30 283 69 57 159 246 51 50 118 226 46 40 131 146 52 51
./positives/018/kringlan_3-1489669361.png 3 40 226 47 38 111 217 51 44 113 186 45 35
./positives/018/kringlan_3-1489669602.png 3 149 312 70 81 86 238 58 49 103 194 39 33
./positives/018/kringlan_3-1489669782.png 6 61 314 90 86 16 266 80 73 205 208 35 33 126 218 50 38 93 205 40 32 120 186 36 24
./positives/018/kringlan_3-1489670205.png 2 91 290 70 68 90 234 52 43
./positives/018/kringlan_3-1489670265.png 4 8 277 68 58 117 220 48 40 85 203 41 30 134 171 34 28
./positives/018/kringlan_3-1489670506.png 3 54 316 81 74 140 324 74 84 170 184 34 29
./positives/018/kringlan_3-1489671470.png 4 161 242 48 49 108 215 55 48 72 209 43 37 145 171 28 25
./positives/018/kringlan_3-1489671530.png 4 30 269 72 62 80 207 42 34 186 173 32 28 147 166 34 29
./positives/018/kringlan_3-1489671712.png 3 25 280 68 60 40 227 49 40 120 208 56 45
./positives/018/kringlan_3-1489671893.png 2 5 240 60 50 57 209 51 40
./positives/018/kringlan_3-1489672254.png 2 122 210 43 43 123 185 34 24
./positives/018/kringlan_3-1489672976.png 3 162 297 68 71 69 250 61 55 34 220 59 50
./positives/019/kringlan_3-1489674724.png 3 132 251 52 50 72 206 47 41 143 174 30 23
./positives/019/kringlan_3-1489674784.png 3 84 244 57 46 15 237 58 47 153 172 28 21
./positives/019/kringlan_3-1489675025.png 3 19 214 101 122 145 170 27 24 162 301 68 78
./positives/019/kringlan_3-1489675628.png 4 94 284 79 80 52 223 50 39 157 195 33 28 137 178 29 24
./positives/019/kringlan_3-1489675869.png 3 136 262 59 46 129 176 36 28 167 180 32 26
./positives/019/kringlan_3-1489822790.png 1 32 274 68 58
./positives/019/kringlan_3-1489826474.png 2 172 262 58 65 14 230 64 56
./positives/019/kringlan_3-1489826715.png 1 171 178 33 33
./positives/019/kringlan_3-1489827319.png 1 20 269 83 70
./positives/019/kringlan_3-1489827379.png 3 76 242 60 54 54 219 48 40 128 178 35 27
./positives/019/kringlan_3-1489827499.png 0
./positives/019/kringlan_3-1489828585.png 0
./positives/019/kringlan_3-1489828826.png 3 85 241 53 46 101 198 41 30 130 176 34 29
./positives/019/kringlan_3-1489828947.png 2 3 216 75 73 188 216 44 45
./positives/019/kringlan_3-1489829007.png 0
./positives/019/kringlan_3-1489855043.png 1 0 296 72 70
./positives/019/kringlan_3-1489855103.png 0
./positives/019/kringlan_3-1489855164.png 1 127 279 87 96
./positives/019/kringlan_3-1489855224.png 3 71 300 88 96 93 203 41 31 133 179 30 24
./positives/019/kringlan_3-1489855465.png 2 130 205 46 38 90 200 38 32
./positives/020/kringlan_3-1489854441.png 3 187 294 75 88 54 226 49 38 94 198 42 32
./positives/020/kringlan_3-1489854622.png 2 161 309 72 80 123 184 36 26
./positives/020/kringlan_3-1489854682.png 0
./positives/020/kringlan_3-1489854742.png 1 47 267 66 57
./positives/020/kringlan_3-1489854802.png 1 1 242 56 53
./positives/020/kringlan_3-1489854863.png 2 130 213 44 37 120 183 35 29
./positives/020/kringlan_3-1489854983.png 2 136 212 43 35 88 204 43 37
./positives/020/kringlan_3-1489855705.png 0
./positives/020/kringlan_3-1489855885.png 2 170 177 35 32 217 192 35 29
./positives/020/kringlan_3-1489855946.png 3 130 264 65 60 18 241 58 42 136 176 33 27
./positives/020/kringlan_3-1489856066.png 2 115 194 35 28 201 197 39 39
./positives/020/kringlan_3-1489856307.png 2 103 198 37 31 166 179 37 36
./positives/020/kringlan_3-1489856730.png 0
./positives/020/kringlan_3-1489856911.png 2 26 272 69 55 54 210 48 46
./positives/020/kringlan_3-1489856971.png 4 66 284 70 67 189 219 44 37 134 207 44 41 103 192 37 31
./positives/020/kringlan_3-1489857212.png 0
./positives/020/kringlan_3-1489857272.png 0
./positives/020/kringlan_3-1489857332.png 2 99 227 52 51 137 172 29 24
./positives/020/kringlan_3-1489857392.png 1 135 263 55 56
./positives/020/kringlan_3-1489857814.png 0
./positives/021/kringlan_3-1489739465.png 5 43 331 95 81 101 260 81 72 186 205 48 51 0 246 58 47 53 221 51 36
./positives/021/kringlan_3-1489739525.png 7 33 346 96 94 78 247 56 44 10 235 63 47 105 190 39 32 159 185 39 39 139 176 27 19 185 164 31 27
./positives/021/kringlan_3-1489739585.png 6 94 270 78 80 51 242 70 67 184 225 42 39 112 214 50 43 57 216 46 34 0 240 57 48
./positives/021/kringlan_3-1489739706.png 3 100 225 57 46 49 222 47 39 101 193 35 30
./positives/021/kringlan_3-1489739766.png 3 91 302 76 76 77 205 42 41 143 197 44 40
./positives/021/kringlan_3-1489739827.png 3 111 278 68 59 172 228 47 43 23 241 87 79
./positives/021/kringlan_3-1489739887.png 2 73 205 49 39 119 186 36 29
./positives/021/kringlan_3-1489739947.png 5 61 309 95 86 71 250 62 50 18 241 62 43 69 213 44 32 130 190 51 56
./positives/021/kringlan_3-1489740007.png 2 78 235 61 55 51 221 45 34
./positives/021/kringlan_3-1489740068.png 2 93 292 79 79 154 152 60 70
./positives/021/kringlan_3-1489740128.png 5 85 245 56 46 0 242 59 41 149 198 42 38 0 329 118 121 188 293 66 66
./positives/021/kringlan_3-1489740188.png 1 81 298 81 77
./positives/021/kringlan_3-1489740249.png 2 46 263 61 51 122 218 46 39
./positives/021/kringlan_3-1489740309.png 6 90 279 80 78 76 240 59 47 26 223 62 48 158 233 52 47 135 199 44 39 98 200 41 30
./positives/021/kringlan_3-1489740369.png 5 83 248 57 46 153 227 65 62 36 213 57 48 98 196 37 29 142 171 30 27
./positives/021/kringlan_3-1489740430.png 0
./positives/021/kringlan_3-1489740490.png 6 106 274 72 61 9 264 84 76 97 221 57 53 149 203 36 29 76 208 44 35 117 181 38 31
./positives/021/kringlan_3-1489740550.png 3 63 247 66 54 28 329 104 92 103 265 76 74
./positives/021/kringlan_3-1489740610.png 2 62 254 62 53 59 216 45 37
./positives/021/kringlan_3-1489740670.png 4 15 289 82 63 115 278 69 65 101 232 55 45 73 202 44 41
./positives/022/kringlan_3-1489742178.png 1 175 242 62 77
./positives/022/kringlan_3-1489743745.png 3 159 221 57 53 115 189 36 27 188 286 66 89
./positives/022/kringlan_3-1489743865.png 1 93 286 83 79
./positives/022/kringlan_3-1489743925.png 3 69 199 54 46 177 181 30 28 118 189 31 24
./positives/022/kringlan_3-1489743985.png 2 90 240 51 44 77 208 40 33
./positives/022/kringlan_3-1489744046.png 1 145 172 27 21
./positives/022/kringlan_3-1489744106.png 3 124 261 72 69 1 282 75 84 89 198 43 37
./positives/022/kringlan_3-1489744166.png 2 57 204 55 51 157 161 29 24
./positives/022/kringlan_3-1489765023.png 2 54 257 60 49 179 183 32 27
./positives/022/kringlan_3-1489765084.png 3 111 223 53 51 130 176 34 31 200 196 39 39
./positives/022/kringlan_3-1489765144.png 1 202 186 35 36
./positives/022/kringlan_3-1489765385.png 4 42 341 105 105 32 228 53 42 140 205 39 34 124 178 37 35
./positives/022/kringlan_3-1489765566.png 3 1 245 57 49 84 197 41 34 92 240 64 73
./positives/022/kringlan_3-1489766290.png 2 69 213 46 37 139 175 28 25
./positives/022/kringlan_3-1489766350.png 1 92 203 36 32
./positives/022/kringlan_3-1489766832.png 2 9 235 63 53 133 179 31 24
./positives/022/kringlan_3-1489766892.png 6 86 235 55 50 183 287 62 70 180 228 45 42 155 195 38 31 117 184 38 29 153 166 27 21
./positives/022/kringlan_3-1490037092.png 1 36 268 76 60
./positives/022/kringlan_3-1490037152.png 1 0 240 61 53
./positives/022/kringlan_3-1490037996.png 0
./positives/023/kringlan_3-1489757550.png 1 150 197 39 43
./positives/023/kringlan_3-1489757610.png 5 47 260 70 61 24 237 56 46 91 198 42 36 167 225 52 52 137 185 28 23
./positives/023/kringlan_3-1489757731.png 6 104 294 75 65 0 299 75 67 106 232 54 41 43 220 53 48 97 195 42 33 145 190 42 39
./positives/023/kringlan_3-1489757791.png 4 29 261 73 61 76 203 45 39 133 209 44 38 84 345 97 107
./positives/023/kringlan_3-1489757972.png 4 57 254 62 48 80 210 41 34 147 259 58 59 139 178 29 23
./positives/023/kringlan_3-1489758032.png 3 87 237 60 48 12 186 109 91 154 202 36 32
./positives/023/kringlan_3-1489944546.png 2 101 201 39 30 155 170 26 22
./positives/023/kringlan_3-1490006224.png 3 51 219 50 38 0 296 81 69 154 168 27 21
./positives/023/kringlan_3-1490006405.png 2 24 223 65 53 114 191 31 28
./positives/023/kringlan_3-1490006886.png 4 153 245 54 48 40 224 54 42 124 187 36 29 156 162 28 23
./positives/023/kringlan_3-1490007731.png 1 83 288 79 74
./positives/023/kringlan_3-1490008152.png 3 41 269 67 53 191 199 42 39 133 131 61 64
./positives/023/kringlan_3-1490027685.png 4 18 255 80 73 68 200 49 42 151 307 67 78 134 180 32 25
./positives/023/kringlan_3-1490027927.png 2 49 221 52 39 134 180 31 22
./positives/023/kringlan_3-1490028228.png 4 71 252 61 46 145 189 43 46 198 204 41 35 113 183 39 34
./positives/023/kringlan_3-1490028288.png 1 123 328 86 93
./positives/023/kringlan_3-1490028409.png 1 154 202 36 32
./positives/023/kringlan_3-1490028469.png 2 26 235 58 46 107 192 35 29
./positives/023/kringlan_3-1490028590.png 1 162 197 36 33
./positives/023/kringlan_3-1490032630.png 0
./positives/024/kringlan_3-1489756284.png 4 4 276 84 80 79 209 45 37 139 175 31 28 154 294 71 94
./positives/024/kringlan_3-1489756766.png 3 96 233 59 50 37 218 52 48 154 336 87 102
./positives/024/kringlan_3-1489757128.png 6 13 288 75 62 13 234 59 49 162 242 52 46 161 200 35 28 126 174 34 34 162 159 29 27
./positives/024/kringlan_3-1489757369.png 3 44 257 75 74 187 225 42 40 162 200 35 33
./positives/024/kringlan_3-1490030037.png 5 96 291 72 73 15 279 77 65 26 223 63 53 136 199 42 39 84 206 41 32
./positives/024/kringlan_3-1490030098.png 4 43 266 67 53 121 271 63 58 189 320 79 83 23 219 64 57
./positives/024/kringlan_3-1490030158.png 3 0 247 61 53 62 217 45 36 106 184 43 38
./positives/024/kringlan_3-1490030218.png 3 81 245 62 48 86 208 44 33 119 182 36 30
./positives/024/kringlan_3-1490030399.png 1 0 292 78 59
./positives/024/kringlan_3-1490030761.png 2 61 245 65 56 160 191 37 31
./positives/024/kringlan_3-1490032509.png 0
./positives/024/kringlan_3-1490032570.png 1 148 327 86 99
./positives/024/kringlan_3-1490032690.png 3 64 248 65 52 175 172 33 31 142 169 33 27
./positives/024/kringlan_3-1490032751.png 2 34 218 64 56 190 172 30 26
./positives/024/kringlan_3-1490036309.png 2 122 216 45 37 81 210 43 36
./positives/024/kringlan_3-1490036369.png 0
./positives/024/kringlan_3-1490036429.png 1 66 233 69 69
./positives/024/kringlan_3-1490036489.png 0
./positives/024/kringlan_3-1490036550.png 1 136 210 42 37
./positives/025/kringlan_3-1489658512.png 3 1 297 82 71 157 242 54 50 102 216 53 46
./positives/025/kringlan_3-1489658693.png 2 14 226 64 53 150 164 29 27
./positives/025/kringlan_3-1489658813.png 1 180 155 23 21
./positives/025/kringlan_3-1489658873.png 3 97 237 56 47 91 200 40 34 153 168 29 23
./positives/025/kringlan_3-1489659777.png 3 80 250 58 50 90 199 43 37 138 175 33 27
./positives/025/kringlan_3-1489659837.png 0
./positives/025/kringlan_3-1489659897.png 0
./positives/025/kringlan_3-1489659957.png 1 173 185 33 29
./positives/025/kringlan_3-1489660018.png 5 163 262 65 74 79 231 64 56 176 221 47 43 40 223 51 39 103 189 40 32
./positives/025/kringlan_3-1489660078.png 0
./positives/025/kringlan_3-1489670024.png 3 74 309 86 85 168 216 55 57 86 161 66 68
./positives/025/kringlan_3-1489670084.png 3 94 239 52 43 107 193 35 31 189 266 57 56
./positives/025/kringlan_3-1489670446.png 1 81 208 40 34
./positives/025/kringlan_3-1489670867.png 1 190 213 41 36
./positives/025/kringlan_3-1489671109.png 1 140 311 79 91
./positives/025/kringlan_3-1489672735.png 1 85 191 48 43
./positives/025/kringlan_3-1489673398.png 2 15 226 67 52 181 222 41 38
./positives/025/kringlan_3-1489747663.png 4 131 267 61 57 0 246 59 47 67 214 45 36 124 182 34 30
./positives/025/kringlan_3-1489747723.png 3 23 269 73 59 2 234 62 53 80 216 48 33
./positives/025/kringlan_3-1489747784.png 3 42 252 69 64 124 177 34 31 14 235 59 46
./positives/026/kringlan_3-1489657608.png 2 80 239 56 45 149 189 42 37
./positives/026/kringlan_3-1489657668.png 3 105 184 40 38 159 195 34 30 204 166 28 25
./positives/026/kringlan_3-1489657849.png 2 104 194 37 31 177 182 31 27
./positives/026/kringlan_3-1489657969.png 0
./positives/026/kringlan_3-1489658030.png 3 127 220 45 38 92 195 42 40 141 176 31 23
./positives/026/kringlan_3-1489658090.png 1 37 228 55 40
./positives/026/kringlan_3-1489658210.png 2 137 303 74 78 154 192 38 30
./positives/026/kringlan_3-1489658270.png 1 103 197 42 33
./positives/026/kringlan_3-1489658331.png 1 155 167 28 23
./positives/026/kringlan_3-1489659415.png 0
./positives/026/kringlan_3-1489659476.png 1 18 224 67 54
./positives/026/kringlan_3-1489659536.png 0
./positives/026/kringlan_3-1489659596.png 1 133 180 32 23
./positives/026/kringlan_3-1489659656.png 0
./positives/026/kringlan_3-1489748810.png 3 76 211 44 35 126 186 34 26 150 305 73 72
./positives/026/kringlan_3-1489749232.png 2 80 241 65 58 158 195 37 33
./positives/026/kringlan_3-1489749653.png 5 66 215 47 36 140 206 41 36 66 312 88 80 177 218 47 48 142 169 31 28
./positives/026/kringlan_3-1489749834.png 2 101 203 38 31 177 179 30 29
./positives/026/kringlan_3-1489750076.png 4 134 206 45 39 75 301 74 71 119 159 47 55 164 161 25 23
./positives/026/kringlan_3-1489750256.png 4 55 217 51 44 146 215 41 38 132 183 30 26 176 163 36 43
